200	3.501E-02
201	3.508E-02
202	3.478E-02
203	3.458E-02
204	3.394E-02
205	3.363E-02
206	3.335E-02
207	3.311E-02
208	3.285E-02
209	3.216E-02
210	3.184E-02
211	3.172E-02
212	3.155E-02
213	3.130E-02
214	3.110E-02
215	3.069E-02
216	3.032E-02
217	3.007E-02
218	2.982E-02
219	2.980E-02
220	2.950E-02
221	2.911E-02
222	2.898E-02
223	2.883E-02
224	2.863E-02
225	2.847E-02
226	2.836E-02
227	2.807E-02
228	2.780E-02
229	2.749E-02
230	2.747E-02
231	2.727E-02
232	2.724E-02
233	2.685E-02
234	2.670E-02
235	2.654E-02
236	2.642E-02
237	2.631E-02
238	2.624E-02
239	2.587E-02
240	2.569E-02
241	2.557E-02
242	2.552E-02
243	2.544E-02
244	2.535E-02
245	2.503E-02
246	2.484E-02
247	2.465E-02
248	2.470E-02
249	2.462E-02
250	2.447E-02
251	2.425E-02
252	2.423E-02
253	2.403E-02
254	2.405E-02
255	2.396E-02
256	2.403E-02
257	2.368E-02
258	2.341E-02
259	2.325E-02
260	2.322E-02
261	2.322E-02
262	2.327E-02
263	2.291E-02
264	2.289E-02
265	2.275E-02
266	2.269E-02
267	2.253E-02
268	2.243E-02
269	2.231E-02
270	2.228E-02
271	2.203E-02
272	2.201E-02
273	2.197E-02
274	2.188E-02
275	2.169E-02
276	2.158E-02
277	2.138E-02
278	2.141E-02
279	2.145E-02
280	2.115E-02
281	2.116E-02
282	2.111E-02
283	2.092E-02
284	2.088E-02
285	2.091E-02
286	2.075E-02
287	2.055E-02
288	2.047E-02
289	2.028E-02
290	2.042E-02
291	2.044E-02
292	2.033E-02
293	2.006E-02
294	2.004E-02
295	1.998E-02
296	1.998E-02
297	1.996E-02
298	1.985E-02
299	1.976E-02
300	1.968E-02
301	1.975E-02
302	1.962E-02
303	1.956E-02
304	1.950E-02
305	1.948E-02
306	1.932E-02
307	1.930E-02
308	1.920E-02
309	1.929E-02
310	1.920E-02
311	1.902E-02
312	1.907E-02
313	1.896E-02
314	1.895E-02
315	1.900E-02
316	1.878E-02
317	1.881E-02
318	1.854E-02
319	1.621E-02
320	1.625E-02
321	1.635E-02
322	1.659E-02
323	1.664E-02
324	1.726E-02
325	1.819E-02
326	2.001E-02
327	2.316E-02
328	2.793E-02
329	3.525E-02
330	4.624E-02
331	6.213E-02
332	8.385E-02
333	1.133E-01
334	1.525E-01
335	2.023E-01
336	2.664E-01
337	3.499E-01
338	4.528E-01
339	5.810E-01
340	7.307E-01
341	9.018E-01
342	1.106E+00
343	1.327E+00
344	1.585E+00
345	1.873E+00
346	2.196E+00
347	2.533E+00
348	2.920E+00
349	3.341E+00
350	3.802E+00
351	4.289E+00
352	4.795E+00
353	5.276E+00
354	5.813E+00
355	6.373E+00
356	6.977E+00
357	7.609E+00
358	8.240E+00
359	8.819E+00
360	9.467E+00
361	1.009E+01
362	1.076E+01
363	1.140E+01
364	1.201E+01
365	1.254E+01
366	1.312E+01
367	1.361E+01
368	1.407E+01
369	1.449E+01
370	1.473E+01
371	1.476E+01
372	1.471E+01
373	1.451E+01
374	1.428E+01
375	1.403E+01
376	1.384E+01
377	1.369E+01
378	1.390E+01
379	1.429E+01
380	1.485E+01
381	1.550E+01
382	1.631E+01
383	1.719E+01
384	1.819E+01
385	1.917E+01
386	2.005E+01
387	2.081E+01
388	2.169E+01
389	2.241E+01
390	2.321E+01
391	2.393E+01
392	2.454E+01
393	2.489E+01
394	2.542E+01
395	2.585E+01
396	2.637E+01
397	2.678E+01
398	2.712E+01
399	2.720E+01
400	2.743E+01
401	2.761E+01
402	2.785E+01
403	2.800E+01
404	2.811E+01
405	2.799E+01
406	2.801E+01
407	2.804E+01
408	2.816E+01
409	2.818E+01
410	2.812E+01
411	2.795E+01
412	2.800E+01
413	2.805E+01
414	2.814E+01
415	2.828E+01
416	2.832E+01
417	2.825E+01
418	2.835E+01
419	2.851E+01
420	2.870E+01
421	2.892E+01
422	2.900E+01
423	2.899E+01
424	2.913E+01
425	2.928E+01
426	2.945E+01
427	2.966E+01
428	2.971E+01
429	2.966E+01
430	2.968E+01
431	2.976E+01
432	2.984E+01
433	2.991E+01
434	2.985E+01
435	2.971E+01
436	2.964E+01
437	2.964E+01
438	2.968E+01
439	2.975E+01
440	2.974E+01
441	2.965E+01
442	2.968E+01
443	2.981E+01
444	2.997E+01
445	3.020E+01
446	3.032E+01
447	3.037E+01
448	3.055E+01
449	3.073E+01
450	3.100E+01
451	3.136E+01
452	3.147E+01
453	3.146E+01
454	3.162E+01
455	3.176E+01
456	3.197E+01
457	3.223E+01
458	3.229E+01
459	3.222E+01
460	3.225E+01
461	3.232E+01
462	3.244E+01
463	3.256E+01
464	3.252E+01
465	3.237E+01
466	3.237E+01
467	3.235E+01
468	3.240E+01
469	3.246E+01
470	3.235E+01
471	3.216E+01
472	3.212E+01
473	3.209E+01
474	3.213E+01
475	3.217E+01
476	3.202E+01
477	3.180E+01
478	3.173E+01
479	3.167E+01
480	3.171E+01
481	3.175E+01
482	3.162E+01
483	3.142E+01
484	3.134E+01
485	3.127E+01
486	3.131E+01
487	3.136E+01
488	3.122E+01
489	3.105E+01
490	3.100E+01
491	3.097E+01
492	3.101E+01
493	3.106E+01
494	3.095E+01
495	3.081E+01
496	3.078E+01
497	3.077E+01
498	3.083E+01
499	3.084E+01
500	3.073E+01
501	3.061E+01
502	3.061E+01
503	3.064E+01
504	3.070E+01
505	3.077E+01
506	3.068E+01
507	3.059E+01
508	3.058E+01
509	3.059E+01
510	3.069E+01
511	3.077E+01
512	3.070E+01
513	3.063E+01
514	3.067E+01
515	3.071E+01
516	3.083E+01
517	3.096E+01
518	3.092E+01
519	3.086E+01
520	3.089E+01
521	3.098E+01
522	3.112E+01
523	3.124E+01
524	3.121E+01
525	3.119E+01
526	3.123E+01
527	3.131E+01
528	3.150E+01
529	3.163E+01
530	3.158E+01
531	3.156E+01
532	3.163E+01
533	3.173E+01
534	3.190E+01
535	3.201E+01
536	3.198E+01
537	3.197E+01
538	3.205E+01
539	3.212E+01
540	3.228E+01
541	3.236E+01
542	3.226E+01
543	3.223E+01
544	3.226E+01
545	3.240E+01
546	3.248E+01
547	3.255E+01
548	3.243E+01
549	3.234E+01
550	3.234E+01
551	3.241E+01
552	3.245E+01
553	3.237E+01
554	3.231E+01
555	3.223E+01
556	3.215E+01
557	3.221E+01
558	3.227E+01
559	3.229E+01
560	3.210E+01
561	3.208E+01
562	3.198E+01
563	3.184E+01
564	3.178E+01
565	3.178E+01
566	3.182E+01
567	3.167E+01
568	3.151E+01
569	3.138E+01
570	3.131E+01
571	3.132E+01
572	3.135E+01
573	3.119E+01
574	3.106E+01
575	3.095E+01
576	3.085E+01
577	3.085E+01
578	3.088E+01
579	3.073E+01
580	3.055E+01
581	3.046E+01
582	3.040E+01
583	3.045E+01
584	3.051E+01
585	3.036E+01
586	3.027E+01
587	3.022E+01
588	3.015E+01
589	3.023E+01
590	3.031E+01
591	3.023E+01
592	3.017E+01
593	3.018E+01
594	3.014E+01
595	3.029E+01
596	3.037E+01
597	3.032E+01
598	3.028E+01
599	3.037E+01
600	3.040E+01
601	3.050E+01
602	3.059E+01
603	3.059E+01
604	3.053E+01
605	3.063E+01
606	3.065E+01
607	3.078E+01
608	3.090E+01
609	3.093E+01
610	3.087E+01
611	3.096E+01
612	3.094E+01
613	3.109E+01
614	3.122E+01
615	3.117E+01
616	3.117E+01
617	3.123E+01
618	3.128E+01
619	3.140E+01
620	3.152E+01
621	3.142E+01
622	3.144E+01
623	3.151E+01
624	3.142E+01
625	3.161E+01
626	3.175E+01
627	3.155E+01
628	3.155E+01
629	3.161E+01
630	3.158E+01
631	3.168E+01
632	3.175E+01
633	3.158E+01
634	3.156E+01
635	3.159E+01
636	3.156E+01
637	3.162E+01
638	3.175E+01
639	3.156E+01
640	3.152E+01
641	3.152E+01
642	3.155E+01
643	3.162E+01
644	3.169E+01
645	3.154E+01
646	3.157E+01
647	3.161E+01
648	3.164E+01
649	3.172E+01
650	3.184E+01
651	3.173E+01
652	3.175E+01
653	3.177E+01
654	3.185E+01
655	3.206E+01
656	3.222E+01
657	3.203E+01
658	3.207E+01
659	3.219E+01
660	3.226E+01
661	3.250E+01
662	3.264E+01
663	3.256E+01
664	3.266E+01
665	3.289E+01
666	3.301E+01
667	3.322E+01
668	3.356E+01
669	3.350E+01
670	3.361E+01
671	3.383E+01
672	3.411E+01
673	3.437E+01
674	3.451E+01
675	3.458E+01
676	3.473E+01
677	3.505E+01
678	3.523E+01
679	3.568E+01
680	3.592E+01
681	3.596E+01
682	3.622E+01
683	3.654E+01
684	3.670E+01
685	3.713E+01
686	3.739E+01
687	3.742E+01
688	3.759E+01
689	3.806E+01
690	3.823E+01
691	3.840E+01
692	3.858E+01
693	3.890E+01
694	3.892E+01
695	3.927E+01
696	3.922E+01
697	3.964E+01
698	3.992E+01
699	3.985E+01
700	3.990E+01
701	4.024E+01
702	4.029E+01
703	4.060E+01
704	4.075E+01
705	4.075E+01
706	4.077E+01
707	4.095E+01
708	4.087E+01
709	4.127E+01
710	4.143E+01
711	4.122E+01
712	4.133E+01
713	4.153E+01
714	4.147E+01
715	4.178E+01
716	4.179E+01
717	4.170E+01
718	4.176E+01
719	4.187E+01
720	4.182E+01
721	4.206E+01
722	4.206E+01
723	4.197E+01
724	4.199E+01
725	4.208E+01
726	4.202E+01
727	4.217E+01
728	4.222E+01
729	4.208E+01
730	4.216E+01
731	4.221E+01
732	4.210E+01
733	4.224E+01
734	4.235E+01
735	4.212E+01
736	4.215E+01
737	4.219E+01
738	4.223E+01
739	4.232E+01
740	4.240E+01
741	4.211E+01
742	4.217E+01
743	4.217E+01
744	4.217E+01
745	4.219E+01
746	4.238E+01
747	4.211E+01
748	4.209E+01
749	4.205E+01
750	4.218E+01
751	4.218E+01
752	4.218E+01
753	4.218E+01
754	4.218E+01
755	4.217E+01
756	4.216E+01
757	4.215E+01
758	4.214E+01
759	4.214E+01
760	4.212E+01
761	4.211E+01
762	4.209E+01
763	4.208E+01
764	4.206E+01
765	4.204E+01
766	4.201E+01
767	4.199E+01
768	4.197E+01
769	4.194E+01
770	4.192E+01
771	4.190E+01
772	4.187E+01
773	4.184E+01
774	4.182E+01
775	4.179E+01
776	4.177E+01
777	4.174E+01
778	4.170E+01
779	4.167E+01
780	4.164E+01
781	4.161E+01
782	4.158E+01
783	4.155E+01
784	4.151E+01
785	4.148E+01
786	4.144E+01
787	4.141E+01
788	4.138E+01
789	4.134E+01
790	4.130E+01
791	4.126E+01
792	4.123E+01
793	4.120E+01
794	4.117E+01
795	4.114E+01
796	4.109E+01
797	4.105E+01
798	4.101E+01
799	4.097E+01
800	4.095E+01
801	4.091E+01
802	4.087E+01
803	4.083E+01
804	4.079E+01
805	4.075E+01
806	4.072E+01
807	4.068E+01
808	4.063E+01
809	4.059E+01
810	4.056E+01
811	4.052E+01
812	4.048E+01
813	4.043E+01
814	4.038E+01
815	4.035E+01
816	4.031E+01
817	4.027E+01
818	4.022E+01
819	4.017E+01
820	4.013E+01
821	4.009E+01
822	4.005E+01
823	4.001E+01
824	3.996E+01
825	3.991E+01
826	3.986E+01
827	3.982E+01
828	3.978E+01
829	3.974E+01
830	3.970E+01
831	3.965E+01
832	3.960E+01
833	3.957E+01
834	3.953E+01
835	3.948E+01
836	3.944E+01
837	3.940E+01
838	3.937E+01
839	3.933E+01
840	3.929E+01
841	3.924E+01
842	3.920E+01
843	3.916E+01
844	3.912E+01
845	3.908E+01
846	3.904E+01
847	3.900E+01
848	3.896E+01
849	3.892E+01
850	3.888E+01
851	3.884E+01
852	3.879E+01
853	3.875E+01
854	3.870E+01
855	3.866E+01
856	3.862E+01
857	3.858E+01
858	3.853E+01
859	3.848E+01
860	3.844E+01
861	3.839E+01
862	3.832E+01
863	3.827E+01
864	3.822E+01
865	3.815E+01
866	3.805E+01
867	3.793E+01
868	3.783E+01
869	3.776E+01
870	3.772E+01
871	3.766E+01
872	3.757E+01
873	3.743E+01
874	3.731E+01
875	3.722E+01
876	3.718E+01
877	3.714E+01
878	3.708E+01
879	3.701E+01
880	3.694E+01
881	3.681E+01
882	3.667E+01
883	3.657E+01
884	3.648E+01
885	3.638E+01
886	3.631E+01
887	3.626E+01
888	3.621E+01
889	3.613E+01
890	3.606E+01
891	3.602E+01
892	3.600E+01
893	3.596E+01
894	3.591E+01
895	3.585E+01
896	3.578E+01
897	3.576E+01
898	3.578E+01
899	3.578E+01
900	3.572E+01
901	3.562E+01
902	3.553E+01
903	3.547E+01
904	3.540E+01
905	3.532E+01
906	3.531E+01
907	3.532E+01
908	3.524E+01
909	3.518E+01
910	3.520E+01
911	3.522E+01
912	3.517E+01
913	3.506E+01
914	3.497E+01
915	3.494E+01
916	3.494E+01
917	3.493E+01
918	3.491E+01
919	3.487E+01
920	3.477E+01
921	3.466E+01
922	3.458E+01
923	3.453E+01
924	3.451E+01
925	3.449E+01
926	3.444E+01
927	3.438E+01
928	3.435E+01
929	3.434E+01
930	3.430E+01
931	3.427E+01
932	3.426E+01
933	3.427E+01
934	3.424E+01
935	3.414E+01
936	3.401E+01
937	3.394E+01
938	3.398E+01
939	3.399E+01
940	3.390E+01
941	3.379E+01
942	3.375E+01
943	3.372E+01
944	3.365E+01
945	3.363E+01
946	3.362E+01
947	3.362E+01
948	3.362E+01
949	3.359E+01
950	3.352E+01
951	3.345E+01
952	3.341E+01
953	3.337E+01
954	3.334E+01
955	3.331E+01
956	3.326E+01
957	3.317E+01
958	3.313E+01
959	3.312E+01
960	3.309E+01
961	3.308E+01
962	3.306E+01
963	3.301E+01
964	3.296E+01
965	3.296E+01
966	3.298E+01
967	3.294E+01
968	3.287E+01
969	3.287E+01
970	3.286E+01
971	3.282E+01
972	3.273E+01
973	3.265E+01
974	3.259E+01
975	3.261E+01
976	3.264E+01
977	3.264E+01
978	3.256E+01
979	3.248E+01
980	3.246E+01
981	3.244E+01
982	3.245E+01
983	3.241E+01
984	3.237E+01
985	3.234E+01
986	3.232E+01
987	3.230E+01
988	3.225E+01
989	3.221E+01
990	3.220E+01
991	3.215E+01
992	3.210E+01
993	3.212E+01
994	3.212E+01
995	3.209E+01
996	3.205E+01
997	3.202E+01
998	3.201E+01
999	3.201E+01
1000	3.195E+01
1001	3.188E+01
1002	3.186E+01
1003	3.187E+01
1004	3.188E+01
1005	3.186E+01
1006	3.181E+01
1007	3.179E+01
1008	3.178E+01
1009	3.177E+01
1010	3.174E+01
1011	3.169E+01
1012	3.168E+01
1013	3.171E+01
1014	3.171E+01
1015	3.168E+01
1016	3.164E+01
1017	3.162E+01
1018	3.157E+01
1019	3.152E+01
1020	3.150E+01
1021	3.151E+01
1022	3.150E+01
1023	3.143E+01
1024	3.140E+01
1025	3.140E+01
1026	3.138E+01
1027	3.133E+01
1028	3.127E+01
1029	3.128E+01
1030	3.131E+01
1031	3.133E+01
1032	3.128E+01
1033	3.121E+01
1034	3.116E+01
1035	3.118E+01
1036	3.121E+01
1037	3.120E+01
1038	3.115E+01
1039	3.109E+01
1040	3.102E+01
1041	3.099E+01
1042	3.101E+01
1043	3.101E+01
1044	3.100E+01
1045	3.100E+01
1046	3.097E+01
1047	3.094E+01
1048	3.099E+01
1049	3.098E+01
1050	3.098E+01
1051	3.099E+01
1052	3.099E+01
1053	3.098E+01
1054	3.089E+01
1055	3.079E+01
1056	3.077E+01
1057	3.079E+01
1058	3.080E+01
1059	3.082E+01
1060	3.077E+01
1061	3.072E+01
1062	3.070E+01
1063	3.070E+01
1064	3.073E+01
1065	3.077E+01
1066	3.079E+01
1067	3.075E+01
1068	3.071E+01
1069	3.067E+01
1070	3.061E+01
1071	3.061E+01
1072	3.068E+01
1073	3.068E+01
1074	3.064E+01
1075	3.062E+01
1076	3.059E+01
1077	3.056E+01
1078	3.056E+01
1079	3.066E+01
1080	3.077E+01
1081	3.076E+01
1082	3.073E+01
1083	3.070E+01
1084	3.066E+01
1085	3.064E+01
1086	3.068E+01
1087	3.070E+01
1088	3.070E+01
1089	3.071E+01
1090	3.070E+01
1091	3.067E+01
1092	3.064E+01
1093	3.061E+01
1094	3.065E+01
1095	3.072E+01
1096	3.076E+01
1097	3.073E+01
1098	3.067E+01
1099	3.063E+01
1100	3.059E+01
1101	3.058E+01
1102	3.063E+01
1103	3.067E+01
1104	3.066E+01
1105	3.062E+01
1106	3.061E+01
1107	3.061E+01
1108	3.060E+01
1109	3.060E+01
1110	3.056E+01
1111	3.048E+01
1112	3.047E+01
1113	3.046E+01
1114	3.045E+01
1115	3.047E+01
1116	3.052E+01
1117	3.057E+01
1118	3.061E+01
1119	3.059E+01
1120	3.058E+01
1121	3.061E+01
1122	3.063E+01
1123	3.065E+01
1124	3.068E+01
1125	3.071E+01
1126	3.074E+01
1127	3.078E+01
1128	3.082E+01
1129	3.084E+01
1130	3.084E+01
1131	3.080E+01
1132	3.072E+01
1133	3.069E+01
1134	3.071E+01
1135	3.084E+01
1136	3.095E+01
1137	3.096E+01
1138	3.097E+01
1139	3.096E+01
1140	3.095E+01
1141	3.092E+01
1142	3.089E+01
1143	3.085E+01
1144	3.081E+01
1145	3.076E+01
1146	3.072E+01
1147	3.075E+01
1148	3.080E+01
1149	3.088E+01
1150	3.096E+01
1151	3.101E+01
1152	3.097E+01
1153	3.094E+01
1154	3.089E+01
1155	3.087E+01
1156	3.089E+01
1157	3.097E+01
1158	3.102E+01
1159	3.104E+01
1160	3.101E+01
1161	3.100E+01
1162	3.101E+01
1163	3.104E+01
1164	3.107E+01
1165	3.111E+01
1166	3.117E+01
1167	3.124E+01
1168	3.131E+01
1169	3.139E+01
1170	3.147E+01
1171	3.152E+01
1172	3.149E+01
1173	3.145E+01
1174	3.138E+01
1175	3.130E+01
1176	3.125E+01
1177	3.124E+01
1178	3.129E+01
1179	3.136E+01
1180	3.144E+01
1181	3.154E+01
1182	3.166E+01
1183	3.179E+01
1184	3.188E+01
1185	3.192E+01
1186	3.196E+01
1187	3.200E+01
1188	3.208E+01
1189	3.219E+01
1190	3.228E+01
1191	3.228E+01
1192	3.228E+01
1193	3.228E+01
1194	3.228E+01
1195	3.226E+01
1196	3.225E+01
1197	3.227E+01
1198	3.234E+01
1199	3.243E+01
1200	3.251E+01
1201	3.260E+01
1202	3.267E+01
1203	3.269E+01
1204	3.272E+01
1205	3.276E+01
1206	3.279E+01
1207	3.281E+01
1208	3.282E+01
1209	3.281E+01
1210	3.281E+01
1211	3.279E+01
1212	3.277E+01
1213	3.270E+01
1214	3.261E+01
1215	3.256E+01
1216	3.259E+01
1217	3.263E+01
1218	3.269E+01
1219	3.277E+01
1220	3.283E+01
1221	3.287E+01
1222	3.290E+01
1223	3.293E+01
1224	3.297E+01
1225	3.299E+01
1226	3.297E+01
1227	3.294E+01
1228	3.291E+01
1229	3.287E+01
1230	3.283E+01
1231	3.277E+01
1232	3.273E+01
1233	3.268E+01
1234	3.268E+01
1235	3.275E+01
1236	3.282E+01
1237	3.291E+01
1238	3.300E+01
1239	3.309E+01
1240	3.318E+01
1241	3.327E+01
1242	3.336E+01
1243	3.343E+01
1244	3.346E+01
1245	3.350E+01
1246	3.357E+01
1247	3.361E+01
1248	3.362E+01
1249	3.364E+01
1250	3.369E+01
1251	3.377E+01
1252	3.386E+01
1253	3.391E+01
1254	3.392E+01
1255	3.394E+01
1256	3.397E+01
1257	3.405E+01
1258	3.415E+01
1259	3.424E+01
1260	3.433E+01
1261	3.441E+01
1262	3.443E+01
1263	3.439E+01
1264	3.432E+01
1265	3.427E+01
1266	3.425E+01
1267	3.423E+01
1268	3.422E+01
1269	3.422E+01
1270	3.424E+01
1271	3.430E+01
1272	3.437E+01
1273	3.446E+01
1274	3.454E+01
1275	3.461E+01
1276	3.466E+01
1277	3.472E+01
1278	3.481E+01
1279	3.493E+01
1280	3.504E+01
1281	3.513E+01
1282	3.517E+01
1283	3.521E+01
1284	3.525E+01
1285	3.527E+01
1286	3.530E+01
1287	3.539E+01
1288	3.554E+01
1289	3.569E+01
1290	3.579E+01
1291	3.587E+01
1292	3.594E+01
1293	3.601E+01
1294	3.609E+01
1295	3.616E+01
1296	3.623E+01
1297	3.629E+01
1298	3.635E+01
1299	3.642E+01
1300	3.649E+01
1301	3.651E+01
1302	3.652E+01
1303	3.653E+01
1304	3.655E+01
1305	3.661E+01
1306	3.673E+01
1307	3.688E+01
1308	3.698E+01
1309	3.701E+01
1310	3.702E+01
1311	3.702E+01
1312	3.703E+01
1313	3.705E+01
1314	3.711E+01
1315	3.720E+01
1316	3.730E+01
1317	3.737E+01
1318	3.741E+01
1319	3.746E+01
1320	3.749E+01
1321	3.751E+01
1322	3.754E+01
1323	3.756E+01
1324	3.758E+01
1325	3.762E+01
1326	3.771E+01
1327	3.782E+01
1328	3.792E+01
1329	3.797E+01
1330	3.799E+01
1331	3.797E+01
1332	3.794E+01
1333	3.791E+01
1334	3.793E+01
1335	3.796E+01
1336	3.802E+01
1337	3.808E+01
1338	3.814E+01
1339	3.822E+01
1340	3.835E+01
1341	3.851E+01
1342	3.870E+01
1343	3.882E+01
1344	3.887E+01
1345	3.890E+01
1346	3.899E+01
1347	3.915E+01
1348	3.936E+01
1349	3.948E+01
1350	3.958E+01
1351	3.963E+01
1352	3.956E+01
1353	3.949E+01
1354	3.954E+01
1355	3.978E+01
1356	4.002E+01
1357	4.013E+01
1358	4.006E+01
1359	3.988E+01
1360	3.976E+01
1361	3.992E+01
1362	4.018E+01
1363	4.031E+01
1364	4.042E+01
1365	4.045E+01
1366	4.025E+01
1367	4.004E+01
1368	4.001E+01
1369	4.003E+01
1370	4.017E+01
1371	4.041E+01
1372	4.055E+01
1373	4.051E+01
1374	4.053E+01
1375	4.072E+01
1376	4.102E+01
1377	4.139E+01
1378	4.154E+01
1379	4.131E+01
1380	4.087E+01
1381	4.053E+01
1382	4.058E+01
1383	4.094E+01
1384	4.138E+01
1385	4.165E+01
1386	4.156E+01
1387	4.148E+01
1388	4.176E+01
1389	4.197E+01
1390	4.192E+01
1391	4.200E+01
1392	4.215E+01
1393	4.204E+01
1394	4.198E+01
1395	4.220E+01
1396	4.238E+01
1397	4.216E+01
1398	4.185E+01
1399	4.173E+01
1400	4.193E+01
1401	4.214E+01
1402	4.203E+01
1403	4.200E+01
1404	4.231E+01
1405	4.270E+01
1406	4.289E+01
1407	4.278E+01
1408	4.268E+01
1409	4.281E+01
1410	4.300E+01
1411	4.313E+01
1412	4.305E+01
1413	4.282E+01
1414	4.280E+01
1415	4.300E+01
1416	4.313E+01
1417	4.311E+01
1418	4.334E+01
1419	4.365E+01
1420	4.360E+01
1421	4.335E+01
1422	4.353E+01
1423	4.395E+01
1424	4.419E+01
1425	4.394E+01
1426	4.359E+01
1427	4.360E+01
1428	4.382E+01
1429	4.392E+01
1430	4.404E+01
1431	4.426E+01
1432	4.456E+01
1433	4.474E+01
1434	4.468E+01
1435	4.456E+01
1436	4.456E+01
1437	4.466E+01
1438	4.468E+01
1439	4.455E+01
1440	4.456E+01
1441	4.471E+01
1442	4.493E+01
1443	4.497E+01
1444	4.491E+01
1445	4.493E+01
1446	4.500E+01
1447	4.501E+01
1448	4.500E+01
1449	4.504E+01
1450	4.519E+01
1451	4.537E+01
1452	4.550E+01
1453	4.546E+01
1454	4.546E+01
1455	4.548E+01
1456	4.550E+01
1457	4.550E+01
1458	4.553E+01
1459	4.558E+01
1460	4.569E+01
1461	4.574E+01
1462	4.581E+01
1463	4.590E+01
1464	4.602E+01
1465	4.599E+01
1466	4.593E+01
1467	4.590E+01
1468	4.598E+01
1469	4.603E+01
1470	4.605E+01
1471	4.609E+01
1472	4.618E+01
1473	4.627E+01
1474	4.625E+01
1475	4.617E+01
1476	4.614E+01
1477	4.615E+01
1478	4.628E+01
1479	4.639E+01
1480	4.649E+01
1481	4.655E+01
1482	4.657E+01
1483	4.658E+01
1484	4.658E+01
1485	4.665E+01
1486	4.680E+01
1487	4.696E+01
1488	4.707E+01
1489	4.716E+01
1490	4.735E+01
1491	4.751E+01
1492	4.759E+01
1493	4.765E+01
1494	4.775E+01
1495	4.781E+01
1496	4.788E+01
1497	4.797E+01
1498	4.808E+01
1499	4.821E+01
1500	4.832E+01
1501	4.830E+01
1502	4.830E+01
1503	4.829E+01
1504	4.834E+01
1505	4.841E+01
1506	4.850E+01
1507	4.858E+01
1508	4.857E+01
1509	4.856E+01
1510	4.857E+01
1511	4.855E+01
1512	4.855E+01
1513	4.861E+01
1514	4.861E+01
1515	4.855E+01
1516	4.853E+01
1517	4.859E+01
1518	4.868E+01
1519	4.873E+01
1520	4.875E+01
1521	4.868E+01
1522	4.863E+01
1523	4.864E+01
1524	4.865E+01
1525	4.868E+01
1526	4.882E+01
1527	4.895E+01
1528	4.904E+01
1529	4.904E+01
1530	4.898E+01
1531	4.889E+01
1532	4.884E+01
1533	4.885E+01
1534	4.888E+01
1535	4.890E+01
1536	4.900E+01
1537	4.907E+01
1538	4.911E+01
1539	4.921E+01
1540	4.929E+01
1541	4.927E+01
1542	4.926E+01
1543	4.924E+01
1544	4.923E+01
1545	4.927E+01
1546	4.939E+01
1547	4.947E+01
1548	4.949E+01
1549	4.956E+01
1550	4.961E+01
1551	4.955E+01
1552	4.949E+01
1553	4.949E+01
1554	4.955E+01
1555	4.962E+01
1556	4.968E+01
1557	4.977E+01
1558	4.993E+01
1559	5.005E+01
1560	5.012E+01
1561	5.009E+01
1562	5.006E+01
1563	5.002E+01
1564	4.997E+01
1565	4.996E+01
1566	5.000E+01
1567	5.007E+01
1568	5.015E+01
1569	5.023E+01
1570	5.027E+01
1571	5.026E+01
1572	5.020E+01
1573	5.014E+01
1574	5.012E+01
1575	5.013E+01
1576	5.022E+01
1577	5.031E+01
1578	5.035E+01
1579	5.030E+01
1580	5.030E+01
1581	5.035E+01
1582	5.039E+01
1583	5.037E+01
1584	5.039E+01
1585	5.047E+01
1586	5.049E+01
1587	5.042E+01
1588	5.036E+01
1589	5.028E+01
1590	5.022E+01
1591	5.022E+01
1592	5.022E+01
1593	5.020E+01
1594	5.017E+01
1595	5.015E+01
1596	5.021E+01
1597	5.034E+01
1598	5.045E+01
1599	5.052E+01
1600	5.057E+01
1601	5.062E+01
1602	5.069E+01
1603	5.081E+01
1604	5.094E+01
1605	5.097E+01
1606	5.096E+01
1607	5.094E+01
1608	5.089E+01
1609	5.082E+01
1610	5.075E+01
1611	5.076E+01
1612	5.083E+01
1613	5.088E+01
1614	5.097E+01
1615	5.105E+01
1616	5.107E+01
1617	5.105E+01
1618	5.105E+01
1619	5.107E+01
1620	5.108E+01
1621	5.110E+01
1622	5.115E+01
1623	5.121E+01
1624	5.117E+01
1625	5.108E+01
1626	5.099E+01
1627	5.089E+01
1628	5.079E+01
1629	5.075E+01
1630	5.077E+01
1631	5.083E+01
1632	5.092E+01
1633	5.097E+01
1634	5.099E+01
1635	5.101E+01
1636	5.104E+01
1637	5.108E+01
1638	5.113E+01
1639	5.113E+01
1640	5.111E+01
1641	5.112E+01
1642	5.116E+01
1643	5.119E+01
1644	5.123E+01
1645	5.128E+01
1646	5.129E+01
1647	5.121E+01
1648	5.111E+01
1649	5.110E+01
1650	5.116E+01
1651	5.118E+01
1652	5.122E+01
1653	5.128E+01
1654	5.134E+01
1655	5.136E+01
1656	5.127E+01
1657	5.115E+01
1658	5.113E+01
1659	5.116E+01
1660	5.117E+01
1661	5.117E+01
1662	5.117E+01
1663	5.117E+01
1664	5.122E+01
1665	5.128E+01
1666	5.134E+01
1667	5.139E+01
1668	5.149E+01
1669	5.159E+01
1670	5.164E+01
1671	5.164E+01
1672	5.161E+01
1673	5.159E+01
1674	5.154E+01
1675	5.148E+01
1676	5.145E+01
1677	5.146E+01
1678	5.150E+01
1679	5.155E+01
1680	5.163E+01
1681	5.168E+01
1682	5.167E+01
1683	5.162E+01
1684	5.157E+01
1685	5.152E+01
1686	5.147E+01
1687	5.149E+01
1688	5.155E+01
1689	5.161E+01
1690	5.165E+01
1691	5.162E+01
1692	5.154E+01
1693	5.141E+01
1694	5.124E+01
1695	5.110E+01
1696	5.105E+01
1697	5.107E+01
1698	5.114E+01
1699	5.128E+01
1700	5.144E+01
1701	5.158E+01
1702	5.156E+01
1703	5.147E+01
1704	5.134E+01
1705	5.119E+01
1706	5.113E+01
1707	5.114E+01
1708	5.114E+01
1709	5.112E+01
1710	5.114E+01
1711	5.120E+01
1712	5.124E+01
1713	5.122E+01
1714	5.120E+01
1715	5.124E+01
1716	5.132E+01
1717	5.133E+01
1718	5.133E+01
1719	5.134E+01
1720	5.134E+01
1721	5.132E+01
1722	5.129E+01
1723	5.120E+01
1724	5.106E+01
1725	5.095E+01
1726	5.087E+01
1727	5.088E+01
1728	5.095E+01
1729	5.105E+01
1730	5.120E+01
1731	5.136E+01
1732	5.150E+01
1733	5.156E+01
1734	5.159E+01
1735	5.159E+01
1736	5.153E+01
1737	5.142E+01
1738	5.131E+01
1739	5.116E+01
1740	5.099E+01
1741	5.087E+01
1742	5.088E+01
1743	5.091E+01
1744	5.095E+01
1745	5.104E+01
1746	5.116E+01
1747	5.129E+01
1748	5.143E+01
1749	5.158E+01
1750	5.170E+01
1751	5.176E+01
1752	5.172E+01
1753	5.164E+01
1754	5.155E+01
1755	5.142E+01
1756	5.126E+01
1757	5.112E+01
1758	5.104E+01
1759	5.102E+01
1760	5.106E+01
1761	5.108E+01
1762	5.113E+01
1763	5.120E+01
1764	5.131E+01
1765	5.144E+01
1766	5.154E+01
1767	5.163E+01
1768	5.174E+01
1769	5.185E+01
1770	5.188E+01
1771	5.178E+01
1772	5.163E+01
1773	5.147E+01
1774	5.129E+01
1775	5.112E+01
1776	5.110E+01
1777	5.113E+01
1778	5.116E+01
1779	5.116E+01
1780	5.117E+01
1781	5.126E+01
1782	5.141E+01
1783	5.159E+01
1784	5.166E+01
1785	5.164E+01
1786	5.170E+01
1787	5.175E+01
1788	5.176E+01
1789	5.174E+01
1790	5.170E+01
1791	5.166E+01
1792	5.162E+01
1793	5.157E+01
1794	5.152E+01
1795	5.153E+01
1796	5.166E+01
1797	5.190E+01
1798	5.200E+01
1799	5.201E+01
1800	5.208E+01
1801	5.209E+01
1802	5.212E+01
1803	5.212E+01
1804	5.213E+01
1805	5.217E+01
1806	5.218E+01
1807	5.214E+01
1808	5.208E+01
1809	5.198E+01
1810	5.190E+01
1811	5.189E+01
1812	5.196E+01
1813	5.209E+01
1814	5.231E+01
1815	5.260E+01
1816	5.281E+01
1817	5.270E+01
1818	5.231E+01
1819	5.183E+01
1820	5.173E+01
1821	5.200E+01
1822	5.227E+01
1823	5.248E+01
1824	5.252E+01
1825	5.244E+01
1826	5.233E+01
1827	5.223E+01
1828	5.216E+01
1829	5.217E+01
1830	5.235E+01
1831	5.270E+01
1832	5.280E+01
1833	5.268E+01
1834	5.258E+01
1835	5.268E+01
1836	5.272E+01
1837	5.257E+01
1838	5.216E+01
1839	5.173E+01
1840	5.152E+01
1841	5.179E+01
1842	5.257E+01
1843	5.336E+01
1844	5.359E+01
1845	5.302E+01
1846	5.214E+01
1847	5.181E+01
1848	5.214E+01
1849	5.265E+01
1850	5.292E+01
1851	5.288E+01
1852	5.277E+01
1853	5.285E+01
1854	5.305E+01
1855	5.303E+01
1856	5.273E+01
1857	5.251E+01
1858	5.248E+01
1859	5.268E+01
1860	5.288E+01
1861	5.308E+01
1862	5.340E+01
1863	5.388E+01
1864	5.419E+01
1865	5.415E+01
1866	5.354E+01
1867	5.266E+01
1868	5.209E+01
1869	5.208E+01
1870	5.269E+01
1871	5.321E+01
1872	5.309E+01
1873	5.265E+01
1874	5.227E+01
1875	5.209E+01
1876	5.229E+01
1877	5.274E+01
1878	5.306E+01
1879	5.314E+01
1880	5.307E+01
1881	5.290E+01
1882	5.284E+01
1883	5.294E+01
1884	5.314E+01
1885	5.312E+01
1886	5.302E+01
1887	5.291E+01
1888	5.274E+01
1889	5.251E+01
1890	5.229E+01
1891	5.237E+01
1892	5.286E+01
1893	5.355E+01
1894	5.416E+01
1895	5.434E+01
1896	5.421E+01
1897	5.391E+01
1898	5.354E+01
1899	5.344E+01
1900	5.374E+01
1901	5.389E+01
1902	5.373E+01
1903	5.328E+01
1904	5.286E+01
1905	5.272E+01
1906	5.302E+01
1907	5.349E+01
1908	5.381E+01
1909	5.378E+01
1910	5.355E+01
1911	5.320E+01
1912	5.294E+01
1913	5.304E+01
1914	5.357E+01
1915	5.414E+01
1916	5.442E+01
1917	5.408E+01
1918	5.336E+01
1919	5.279E+01
1920	5.260E+01
1921	5.276E+01
1922	5.322E+01
1923	5.367E+01
1924	5.375E+01
1925	5.346E+01
1926	5.326E+01
1927	5.324E+01
1928	5.339E+01
1929	5.367E+01
1930	5.388E+01
1931	5.387E+01
1932	5.365E+01
1933	5.340E+01
1934	5.332E+01
1935	5.347E+01
1936	5.378E+01
1937	5.391E+01
1938	5.382E+01
1939	5.354E+01
1940	5.328E+01
1941	5.318E+01
1942	5.337E+01
1943	5.366E+01
1944	5.390E+01
1945	5.404E+01
1946	5.405E+01
1947	5.404E+01
1948	5.406E+01
1949	5.418E+01
1950	5.433E+01
1951	5.437E+01
1952	5.432E+01
1953	5.437E+01
1954	5.444E+01
1955	5.440E+01
1956	5.431E+01
1957	5.435E+01
1958	5.444E+01
1959	5.449E+01
1960	5.448E+01
1961	5.449E+01
1962	5.462E+01
1963	5.470E+01
1964	5.466E+01
1965	5.470E+01
1966	5.479E+01
1967	5.484E+01
1968	5.489E+01
1969	5.491E+01
1970	5.492E+01
1971	5.504E+01
1972	5.516E+01
1973	5.514E+01
1974	5.510E+01
1975	5.509E+01
1976	5.512E+01
1977	5.522E+01
1978	5.527E+01
1979	5.526E+01
1980	5.528E+01
1981	5.531E+01
1982	5.525E+01
1983	5.522E+01
1984	5.521E+01
1985	5.525E+01
1986	5.525E+01
1987	5.522E+01
1988	5.524E+01
1989	5.529E+01
1990	5.526E+01
1991	5.519E+01
1992	5.512E+01
1993	5.514E+01
1994	5.522E+01
1995	5.528E+01
1996	5.525E+01
1997	5.515E+01
1998	5.513E+01
1999	5.512E+01
2000.065834	5.512E+01
2009.942668	5.540E+01
2020.098566	5.546E+01
2029.969298	5.564E+01
2039.837	5.576E+01
2049.98346	5.601E+01
2059.844971	5.621E+01
2069.985031	5.642E+01
2079.840289	5.649E+01
2089.973887	5.671E+01
2099.822832	5.692E+01
2109.949906	5.718E+01
2119.792477	5.732E+01
2129.912964	5.745E+01
2140.030088	5.763E+01
2149.862941	5.772E+01
2159.973384	5.784E+01
2169.799712	5.791E+01
2179.903413	5.804E+01
2190.003671	5.816E+01
2199.820052	5.832E+01
2209.913475	5.856E+01
2219.723179	5.869E+01
2229.809704	5.878E+01
2239.892708	5.891E+01
2249.692237	5.905E+01
2259.76825	5.935E+01
2269.840694	5.958E+01
2279.909553	5.981E+01
2289.695271	5.990E+01
2299.757015	6.010E+01
2309.815127	6.041E+01
2319.869592	6.065E+01
2329.641254	6.073E+01
2339.688478	6.078E+01
2349.732008	6.094E+01
2359.771828	6.118E+01
2369.80792	6.120E+01
2379.840271	6.126E+01
2389.590342	6.126E+01
2399.615266	6.135E+01
2409.6364	6.134E+01
2419.65373	6.136E+01
2429.667238	6.147E+01
2439.676909	6.161E+01
2449.682728	6.179E+01
2459.684679	6.185E+01
2469.682745	6.205E+01
2479.676911	6.209E+01
2489.667162	6.224E+01
2499.653481	6.224E+01
2509.635853	6.228E+01
2519.614261	6.231E+01
2529.588691	6.242E+01
2539.559127	6.257E+01
2549.525552	6.258E+01
2559.487951	6.256E+01
2569.722871	6.266E+01
2579.677058	6.277E+01
2589.627171	6.285E+01
2599.573195	6.291E+01
2609.515113	6.295E+01
2619.452911	6.322E+01
2629.662448	6.327E+01
2639.591842	6.332E+01
2649.517067	6.327E+01
2659.438109	6.317E+01
2669.630358	6.309E+01
2679.542867	6.293E+01
2689.451145	6.267E+01
2699.630227	6.199E+01
2709.529877	6.056E+01
2719.425248	5.789E+01
2729.591015	5.338E+01
2739.477662	4.720E+01
2749.359982	4.046E+01
2759.512287	3.435E+01
2769.385788	2.931E+01
2779.528995	2.546E+01
2789.393611	2.277E+01
2799.527654	2.114E+01
2809.383323	2.001E+01
2819.508136	1.928E+01
2829.354792	1.881E+01
2839.47031	1.865E+01
2849.30789	1.851E+01
2859.414046	1.849E+01
2869.515434	1.851E+01
2879.339216	1.882E+01
2889.431143	1.916E+01
2899.24569	1.962E+01
2909.328092	1.995E+01
2919.40564	2.021E+01
2929.206149	2.061E+01
2939.274073	2.103E+01
2949.337095	2.152E+01
2959.395197	2.191E+01
2969.17672	2.240E+01
2979.225066	2.287E+01
2989.268442	2.341E+01
2999.306833	2.391E+01
3009.34022	2.437E+01
3019.368587	2.482E+01
3029.391918	2.521E+01
3039.139497	2.567E+01
3049.152842	2.605E+01
3059.1611	2.644E+01
3069.164256	2.683E+01
3079.162292	2.740E+01
3089.155191	2.799E+01
3099.142938	2.867E+01
3109.125515	2.910E+01
3119.102905	2.972E+01
3129.075093	3.025E+01
3139.311366	3.081E+01
3149.272956	3.135E+01
3159.229293	3.191E+01
3169.18036	3.242E+01
3179.126141	3.296E+01
3189.066618	3.350E+01
3199.27022	3.403E+01
3209.199897	3.450E+01
3219.124221	3.479E+01
3229.043176	3.538E+01
3239.224603	3.575E+01
3249.132622	3.631E+01
3259.035221	3.667E+01
3269.199799	3.708E+01
3279.091361	3.725E+01
3288.977454	3.735E+01
3299.125027	3.745E+01
3308.999981	3.736E+01
3319.136081	3.718E+01
3328.999829	3.679E+01
3339.124385	3.653E+01
3348.976861	3.613E+01
3359.089804	3.547E+01
3368.930939	3.481E+01
3379.0322	3.405E+01
3389.127517	3.319E+01
3398.951437	3.215E+01
3409.034967	3.095E+01
3419.112499	2.970E+01
3428.919052	2.823E+01
3438.984693	2.664E+01
3449.044284	2.505E+01
3458.833318	2.372E+01
3468.880914	2.245E+01
3478.922407	2.123E+01
3488.957779	1.988E+01
3498.987012	1.849E+01
3509.010089	1.703E+01
3519.026992	1.570E+01
3529.037703	1.460E+01
3538.779008	1.356E+01
3548.777448	1.258E+01
3558.769643	1.169E+01
3568.755577	1.092E+01
3578.997769	1.019E+01
3588.970961	9.368E+00
3598.937838	8.864E+00
3608.898383	8.305E+00
3618.852578	7.940E+00
3628.800407	7.701E+00
3638.74185	7.388E+00
3648.938253	7.218E+00
3658.866705	7.047E+00
3668.788719	7.038E+00
3678.704279	7.161E+00
3688.874043	7.225E+00
3698.776469	7.800E+00
3708.672387	8.250E+00
3718.821938	8.629E+00
3728.704616	8.929E+00
3738.840542	9.445E+00
3748.709907	1.022E+01
3758.832135	1.101E+01
3768.688117	1.184E+01
3778.796573	1.272E+01
3788.639101	1.335E+01
3798.733711	1.390E+01
3808.821282	1.491E+01
3818.643407	1.567E+01
3828.717023	1.606E+01
3838.783543	1.600E+01
3848.585104	1.598E+01
3858.637559	1.616E+01
3868.682864	1.584E+01
3878.720999	1.588E+01
3888.751945	1.556E+01
3898.518755	1.527E+01
3908.535455	1.480E+01
3918.54491	1.458E+01
3928.547104	1.424E+01
3938.542016	1.351E+01
3948.52963	1.298E+01
3958.509925	1.251E+01
3968.482884	1.253E+01
3978.70392	1.200E+01
3988.661962	1.172E+01
3998.612612	1.108E+01
4008.555852	1.088E+01
4018.491662	1.061E+01
4028.6745	1.061E+01
4038.595205	1.051E+01
4048.508426	1.057E+01
4058.414143	1.055E+01
4068.56604	1.068E+01
4078.456503	1.060E+01
4088.592715	1.086E+01
4098.467848	1.067E+01
4108.588299	1.109E+01
4118.448027	1.100E+01
4128.552639	1.134E+01
4138.396887	1.117E+01
4148.485584	1.155E+01
4158.566193	1.173E+01
4168.386981	1.191E+01
4178.45156	1.176E+01
4188.507992	1.168E+01
4198.305151	1.164E+01
4208.345437	1.129E+01
4218.377519	1.063E+01
4228.401377	1.009E+01
4238.416991	1.023E+01
4248.424343	1.097E+01
4258.423411	1.070E+01
4268.414178	1.009E+01
4278.396623	9.632E+00
4288.370728	9.854E+00
4298.336471	9.239E+00
4308.293836	8.404E+00
4318.2428	7.793E+00
4328.431752	7.929E+00
4338.363649	7.735E+00
4348.287088	7.583E+00
4358.20205	7.490E+00
4368.356068	7.251E+00
4378.253805	6.681E+00
4388.390126	5.984E+00
4398.270558	5.665E+00
4408.389101	5.382E+00
4418.252149	5.266E+00
4428.352834	4.775E+00
4438.198419	4.569E+00
4448.281165	4.118E+00
4458.354799	3.817E+00
4468.173935	3.323E+00
4478.229508	3.007E+00
4488.275909	2.868E+00
4498.313117	2.877E+00
4508.096635	2.819E+00
4518.115621	2.819E+00
4528.125352	2.776E+00
4538.125809	2.606E+00
4548.11697	2.467E+00
4558.098816	2.324E+00
4568.071325	2.229E+00
4578.277365	2.120E+00
4588.230912	2.015E+00
4598.175061	1.927E+00
4608.109792	1.853E+00
4618.035085	1.787E+00
4628.192649	1.717E+00
4638.098772	1.651E+00
4647.995395	1.580E+00
4658.123528	1.516E+00
4668.000857	1.453E+00
4678.109183	1.395E+00
4687.967136	1.333E+00
4698.05557	1.283E+00
4708.133906	1.228E+00
4717.962521	1.192E+00
4728.020838	1.157E+00
4738.068993	1.136E+00
4748.106964	1.109E+00
4758.13473	1.081E+00
4767.913874	1.048E+00
4777.921408	1.018E+00
4787.918673	9.922E-01
4797.905646	9.659E-01
4807.882307	9.339E-01
4818.085802	9.052E-01
4828.041526	8.843E-01
4837.986874	8.680E-01
4847.921823	8.522E-01
4857.846351	8.340E-01
4867.996361	8.160E-01
4877.899737	7.958E-01
4888.028045	7.767E-01
4897.910179	7.570E-01
4908.016697	7.403E-01
4917.877504	7.316E-01
4927.962141	7.186E-01
4937.801534	7.028E-01
4947.864203	6.906E-01
4957.915724	6.811E-01
4967.956075	6.696E-01
4977.985234	6.571E-01
4987.77033	6.448E-01
4997.777298	6.319E-01
5007.776688	6.227E-01
5017.595804	6.143E-01
5028.169082	6.034E-01
5037.98605	5.929E-01
5047.80198	5.830E-01
5057.616872	5.738E-01
5068.18559	5.636E-01
5077.998316	5.544E-01
5087.809996	5.454E-01
5097.620628	5.377E-01
5107.430211	5.297E-01
5117.993201	5.215E-01
5127.800597	5.147E-01
5137.606938	5.067E-01
5147.41222	5.010E-01
5157.970569	4.942E-01
5167.773648	4.869E-01
5177.575662	4.799E-01
5187.376611	4.737E-01
5197.930283	4.670E-01
5207.729011	4.620E-01
5217.526666	4.596E-01
5227.323247	4.585E-01
5237.872207	4.549E-01
5247.666549	4.511E-01
5257.459812	4.466E-01
5268.005191	4.453E-01
5277.796202	4.434E-01
5287.586127	4.390E-01
5297.374963	4.353E-01
5307.915566	4.333E-01
5317.702134	4.293E-01
5327.487607	4.253E-01
5337.271982	4.222E-01
5347.807773	4.180E-01
5357.589864	4.140E-01
5367.370852	4.122E-01
5377.902987	4.114E-01
5387.681677	4.081E-01
5397.459258	4.042E-01
5407.235727	4.027E-01
5417.762987	3.993E-01
5427.537141	3.953E-01
5437.310177	3.941E-01
5447.833734	3.930E-01
5457.604442	3.908E-01
5467.374028	3.868E-01
5477.142487	3.829E-01
5487.661104	3.793E-01
5497.427219	3.768E-01
5507.192201	3.739E-01
5517.707068	3.703E-01
5527.469693	3.688E-01
5537.231179	3.673E-01
5547.742274	3.672E-01
5557.50139	3.674E-01
5567.259362	3.673E-01
5577.766665	3.654E-01
5587.522253	3.621E-01
5597.276691	3.602E-01
5607.780182	3.575E-01
5617.532223	3.572E-01
5627.283108	3.569E-01
5637.032835	3.568E-01
5647.531242	3.550E-01
5657.278555	3.528E-01
5667.024703	3.507E-01
5677.51925	3.488E-01
5687.262972	3.483E-01
5697.005523	3.486E-01
5707.496189	3.488E-01
5717.236302	3.467E-01
5726.975237	3.459E-01
5737.462002	3.490E-01
5747.198485	3.520E-01
5757.682605	3.527E-01
5767.416629	3.515E-01
5777.149464	3.499E-01
5787.629649	3.472E-01
5797.360012	3.450E-01
5807.08918	3.426E-01
5817.565409	3.402E-01
5827.292092	3.378E-01
5837.017575	3.364E-01
5847.489828	3.342E-01
5857.212813	3.319E-01
5866.934591	3.298E-01
5877.402847	3.291E-01
5887.122114	3.270E-01
5897.587661	3.250E-01
5907.304408	3.230E-01
5917.019938	3.223E-01
5927.481454	3.201E-01
5937.194452	3.195E-01
5946.906226	3.224E-01
5957.363691	3.248E-01
5967.072921	3.282E-01
5977.52764	3.292E-01
5987.234315	3.281E-01
5996.939757	3.266E-01
6007.39039	3.252E-01
6017.093265	3.240E-01
6026.794901	3.232E-01
6037.241429	3.226E-01
6046.940485	3.240E-01
6057.38423	3.246E-01
6067.080698	3.237E-01
6076.775917	3.221E-01
6087.215522	3.209E-01
6096.908139	3.205E-01
6107.344938	3.189E-01
6117.034946	3.174E-01
6126.723694	3.167E-01
6137.156319	3.155E-01
6146.842444	3.137E-01
6157.272241	3.123E-01
6166.955735	3.114E-01
6177.382693	3.102E-01
6187.063548	3.090E-01
6196.743128	3.072E-01
6207.165865	3.061E-01
6216.842793	3.046E-01
6227.262668	3.042E-01
6236.936935	3.033E-01
6246.609918	3.025E-01
6257.025537	3.019E-01
6266.695846	3.021E-01
6277.108582	3.014E-01
6286.776208	3.004E-01
6297.18605	2.989E-01
6306.850986	2.980E-01
6317.257926	2.983E-01
6326.920162	2.978E-01
6336.581095	2.965E-01
6346.983717	2.950E-01
6356.641938	2.942E-01
6367.041635	2.932E-01
6376.697135	2.929E-01
6387.093897	2.943E-01
6396.746668	2.947E-01
6407.140486	2.955E-01
6416.790518	2.958E-01
6427.181383	2.966E-01
6436.828669	2.980E-01
6446.47463	2.987E-01
6456.861103	2.988E-01
6466.504304	2.973E-01
6476.8878	2.959E-01
6486.528234	2.956E-01
6496.908745	2.944E-01
6506.546402	2.937E-01
6516.923919	2.946E-01
6526.558791	2.944E-01
6536.933304	2.951E-01
6546.565382	2.952E-01
6556.936882	2.952E-01
6566.566159	2.947E-01
6576.934637	2.954E-01
6586.561102	2.967E-01
6596.926549	2.970E-01
6606.550195	2.962E-01
6616.912601	2.948E-01
6626.53342	2.939E-01
6636.892776	2.933E-01
6646.510758	2.941E-01
6656.867055	2.956E-01
6666.482193	2.979E-01
6676.835422	2.998E-01
6686.447706	3.001E-01
6696.797857	2.997E-01
6706.40728	2.990E-01
6716.754344	2.988E-01
6726.360896	2.978E-01
6736.704865	2.973E-01
6746.308538	2.982E-01
6756.649402	2.979E-01
6766.250188	2.977E-01
6776.587937	2.970E-01
6786.924068	2.957E-01
6796.520453	2.945E-01
6806.853456	2.937E-01
6816.446931	2.926E-01
6826.776797	2.918E-01
6836.367355	2.914E-01
6846.694074	2.903E-01
6856.281707	2.903E-01
6866.60527	2.902E-01
6876.189968	2.903E-01
6886.510366	2.902E-01
6896.82912	2.915E-01
6906.409345	2.918E-01
6916.724921	2.919E-01
6926.30219	2.921E-01
6936.614577	2.925E-01
6946.188882	2.922E-01
6956.498072	2.916E-01
6966.805601	2.904E-01
6976.375388	2.897E-01
6986.679706	2.886E-01
6996.246507	2.876E-01
7006.547605	2.870E-01
7016.111412	2.869E-01
7026.40928	2.863E-01
7036.70547	2.852E-01
7046.264714	2.842E-01
7056.557661	2.838E-01
7066.113889	2.842E-01
7076.403584	2.842E-01
7086.691589	2.832E-01
7096.243221	2.824E-01
7106.527959	2.814E-01
7116.076554	2.807E-01
7126.358018	2.805E-01
7136.637779	2.804E-01
7146.181746	2.795E-01
7156.458218	2.794E-01
7165.999126	2.798E-01
7176.2723	2.796E-01
7186.54376	2.787E-01
7196.080008	2.779E-01
7206.348156	2.773E-01
7216.614582	2.763E-01
7226.14615	2.753E-01
7236.409251	2.744E-01
7245.937725	2.737E-01
7256.197491	2.731E-01
7266.455524	2.722E-01
7275.979286	2.719E-01
7286.23397	2.718E-01
7296.486914	2.717E-01
7306.005944	2.713E-01
7316.255525	2.709E-01
7326.503358	2.701E-01
7336.017637	2.692E-01
7346.262094	2.689E-01
7356.504797	2.688E-01
7366.014304	2.689E-01
7376.253616	2.685E-01
7386.491167	2.677E-01
7395.995884	2.668E-01
7406.23003	2.662E-01
7416.462408	2.654E-01
7425.962315	2.651E-01
7436.191274	2.651E-01
7446.418458	2.646E-01
7455.913536	2.638E-01
7466.137287	2.637E-01
7476.359256	2.634E-01
7485.849485	2.637E-01
7496.068008	2.635E-01
7506.284741	2.640E-01
7515.770101	2.638E-01
7525.983375	2.631E-01
7536.19485	2.627E-01
7545.675324	2.623E-01
7555.883326	2.615E-01
7566.089524	2.607E-01
7576.293916	2.604E-01
7585.767802	2.599E-01
7595.968701	2.598E-01
7606.167786	2.590E-01
7615.636739	2.583E-01
7625.832319	2.575E-01
7636.026078	2.571E-01
7646.218013	2.570E-01
7655.680318	2.570E-01
7665.868729	2.570E-01
7676.05531	2.569E-01
7686.240057	2.566E-01
7695.695679	2.563E-01
7705.876884	2.556E-01
7716.056248	2.555E-01
7726.23377	2.553E-01
7735.682674	2.553E-01
7745.856636	2.554E-01
7756.028747	2.551E-01
7766.199006	2.547E-01
7775.641157	2.548E-01
7785.807837	2.548E-01
7795.972657	2.545E-01
7806.135616	2.537E-01
7815.57098	2.529E-01
7825.730341	2.524E-01
7835.887833	2.521E-01
7846.043454	2.520E-01
7855.471995	2.514E-01
7865.624	2.508E-01
7875.774127	2.501E-01
7885.922372	2.494E-01
7896.068734	2.494E-01
7905.488668	2.491E-01
7915.631391	2.487E-01
7925.772224	2.494E-01
7935.911164	2.500E-01
7946.048209	2.501E-01
7955.45948	2.497E-01
7965.592863	2.495E-01
7975.724343	2.491E-01
7985.853919	2.485E-01
7995.981587	2.479E-01
8005.384141	2.475E-01
8015.508125	2.474E-01
8025.630194	2.474E-01
8035.750346	2.476E-01
8045.86858	2.471E-01
8055.984892	2.471E-01
8065.376887	2.469E-01
8075.489487	2.471E-01
8085.600158	2.470E-01
8095.708897	2.469E-01
8105.815704	2.468E-01
8115.920574	2.468E-01
8125.301933	2.463E-01
8135.403063	2.458E-01
8145.502251	2.452E-01
8155.599493	2.449E-01
8165.694787	2.448E-01
8175.788131	2.445E-01
8185.879523	2.440E-01
8195.248351	2.435E-01
8205.33597	2.433E-01
8215.42163	2.428E-01
8225.505327	2.424E-01
8235.587061	2.420E-01
8245.666827	2.417E-01
8255.744624	2.411E-01
8265.82045	2.405E-01
8275.174806	2.401E-01
8285.246822	2.397E-01
8295.31686	2.394E-01
8305.384917	2.388E-01
8315.45099	2.385E-01
8325.515077	2.379E-01
8335.577176	2.377E-01
8345.637284	2.373E-01
8355.695399	2.368E-01
8365.751519	2.368E-01
8375.087555	2.370E-01
8385.139819	2.372E-01
8395.190081	2.369E-01
8405.238338	2.365E-01
8415.284587	2.361E-01
8425.328827	2.357E-01
8435.371055	2.354E-01
8445.411268	2.352E-01
8455.449464	2.350E-01
8465.485641	2.352E-01
8475.519796	2.354E-01
8485.551927	2.351E-01
8495.582031	2.346E-01
8505.610107	2.342E-01
8515.636151	2.336E-01
8525.660162	2.335E-01
8535.682136	2.333E-01
8544.98643	2.333E-01
8555.004471	2.334E-01
8565.020468	2.332E-01
8575.034421	2.329E-01
8585.046325	2.327E-01
8595.056179	2.328E-01
8605.063981	2.325E-01
8615.069727	2.322E-01
8625.073416	2.317E-01
8635.075045	2.312E-01
8645.074612	2.308E-01
8655.072114	2.306E-01
8665.067549	2.303E-01
8675.060915	2.301E-01
8685.052209	2.297E-01
8695.041429	2.294E-01
8705.028573	2.292E-01
8715.013637	2.289E-01
8724.99662	2.287E-01
8734.977519	2.285E-01
8744.956333	2.282E-01
8754.933058	2.279E-01
8764.907692	2.277E-01
8774.880232	2.274E-01
8784.850677	2.270E-01
8794.819025	2.269E-01
8804.785271	2.273E-01
8815.461059	2.279E-01
8825.422948	2.276E-01
8835.382728	2.274E-01
8845.340399	2.279E-01
8855.295957	2.279E-01
8865.249401	2.275E-01
8875.200727	2.276E-01
8885.149933	2.277E-01
8895.097018	2.272E-01
8905.041978	2.270E-01
8914.984812	2.268E-01
8924.925517	2.265E-01
8934.86409	2.262E-01
8944.800529	2.262E-01
8954.734832	2.260E-01
8965.376355	2.259E-01
8975.306225	2.255E-01
8985.233952	2.250E-01
8995.159534	2.249E-01
9005.082967	2.245E-01
9015.004249	2.241E-01
9024.923378	2.239E-01
9034.840353	2.239E-01
9044.755169	2.237E-01
9054.667825	2.235E-01
9065.286129	2.231E-01
9075.194303	2.233E-01
9085.10031	2.232E-01
9095.004147	2.229E-01
9104.905813	2.225E-01
9114.805303	2.225E-01
9124.702617	2.226E-01
9134.597752	2.225E-01
9145.197262	2.220E-01
9155.087875	2.217E-01
9164.976302	2.213E-01
9174.86254	2.213E-01
9184.746587	2.215E-01
9194.628441	2.223E-01
9204.508098	2.225E-01
9215.091006	2.227E-01
9224.966108	2.228E-01
9234.839006	2.229E-01
9244.709699	2.230E-01
9254.578185	2.230E-01
9265.149109	2.226E-01
9275.013013	2.222E-01
9284.874702	2.221E-01
9294.734174	2.220E-01
9304.591426	2.215E-01
9314.446456	2.212E-01
9325.002949	2.208E-01
9334.853368	2.206E-01
9344.701558	2.203E-01
9354.547517	2.201E-01
9364.391241	2.196E-01
9374.935607	2.192E-01
9384.774696	2.191E-01
9394.611544	2.187E-01
9404.446148	2.183E-01
9414.980732	2.180E-01
9424.810682	2.176E-01
9434.63838	2.174E-01
9444.463825	2.175E-01
9454.988585	2.177E-01
9464.809356	2.175E-01
9474.627866	2.171E-01
9484.444114	2.167E-01
9494.959008	2.167E-01
9504.770561	2.168E-01
9514.579844	2.164E-01
9524.386855	2.160E-01
9534.891842	2.157E-01
9544.694139	2.157E-01
9554.494156	2.154E-01
9564.291891	2.153E-01
9574.786929	2.152E-01
9584.57993	2.150E-01
9594.370643	2.150E-01
9604.858149	2.151E-01
9614.644112	2.155E-01
9624.427779	2.154E-01
9634.209147	2.151E-01
9644.686632	2.148E-01
9654.463232	2.145E-01
9664.237526	2.142E-01
9674.707423	2.138E-01
9684.476934	2.135E-01
9694.244132	2.132E-01
9704.706417	2.128E-01
9714.468817	2.125E-01
9724.228897	2.123E-01
9734.683548	2.119E-01
9744.438814	2.118E-01
9754.191753	2.118E-01
9764.638746	2.118E-01
9774.386857	2.117E-01
9784.132634	2.113E-01
9794.571945	2.109E-01
9804.312879	2.106E-01
9814.746996	2.105E-01
9824.483078	2.103E-01
9834.216813	2.103E-01
9844.643209	2.103E-01
9854.372076	2.103E-01
9864.09859	2.104E-01
9874.517241	2.107E-01
9884.238873	2.110E-01
9894.652288	2.110E-01
9904.369027	2.109E-01
9914.083402	2.108E-01
9924.489032	2.109E-01
9934.198499	2.107E-01
9944.598867	2.108E-01
9954.303417	2.105E-01
9964.00559	2.103E-01
9974.398135	2.101E-01
9984.095376	2.098E-01
9994.482631	2.095E-01
10004.17493	2.096E-01
10014.55689	2.095E-01
10024.24423	2.096E-01
10033.92919	2.093E-01
10044.30326	2.090E-01
10053.98325	2.087E-01
10064.352	2.085E-01
10074.02701	2.082E-01
10084.39043	2.081E-01
10094.06045	2.083E-01
10104.41852	2.087E-01
10114.08355	2.085E-01
10124.43625	2.082E-01
10134.09628	2.081E-01
10144.44362	2.084E-01
10154.09862	2.086E-01
10164.44058	2.083E-01
10174.09056	2.081E-01
10184.42713	2.079E-01
10194.07208	2.075E-01
10204.40325	2.075E-01
10214.04315	2.075E-01
10224.36891	2.074E-01
10234.00375	2.072E-01
10244.32409	2.071E-01
10253.95386	2.068E-01
10264.26877	2.065E-01
10273.89347	2.063E-01
10284.20293	2.060E-01
10293.82255	2.060E-01
10304.12656	2.060E-01
10313.74108	2.060E-01
10324.03963	2.058E-01
10334.33534	2.056E-01
10343.94211	2.054E-01
10354.23234	2.055E-01
10363.834	2.057E-01
10374.11874	2.055E-01
10383.71527	2.057E-01
10393.99451	2.062E-01
10404.2709	2.061E-01
10413.85962	2.060E-01
10424.1305	2.063E-01
10433.71407	2.063E-01
10443.97941	2.064E-01
10454.2419	2.069E-01
10463.81763	2.070E-01
10474.07457	2.067E-01
10483.64512	2.064E-01
10493.8965	2.064E-01
10504.14501	2.063E-01
10513.70769	2.061E-01
10523.95063	2.060E-01
10534.19068	2.058E-01
10543.74545	2.057E-01
10553.97992	2.057E-01
10564.21149	2.056E-01
10573.75835	2.053E-01
10583.98432	2.051E-01
10593.52594	2.052E-01
10603.7463	2.050E-01
10613.96375	2.049E-01
10624.17829	2.047E-01
10633.70924	2.048E-01
10643.91815	2.046E-01
10654.12414	2.044E-01
10663.64709	2.045E-01
10673.84743	2.044E-01
10684.04485	2.044E-01
10693.55979	2.044E-01
10703.75154	2.044E-01
10713.94035	2.042E-01
10723.44726	2.041E-01
10733.6304	2.040E-01
10743.81059	2.038E-01
10753.98783	2.038E-01
10763.48393	2.037E-01
10773.65548	2.035E-01
10783.82407	2.035E-01
10793.9897	2.033E-01
10803.47495	2.031E-01
10813.63486	2.033E-01
10823.7918	2.034E-01
10833.94578	2.037E-01
10843.42014	2.034E-01
10853.56838	2.032E-01
10863.71363	2.030E-01
10873.85591	2.033E-01
10883.31935	2.035E-01
10893.45586	2.038E-01
10903.58938	2.041E-01
10913.71992	2.042E-01
10923.84746	2.042E-01
10933.29714	2.039E-01
10943.41889	2.036E-01
10953.53764	2.035E-01
10963.65339	2.037E-01
10973.76613	2.036E-01
10983.87586	2.039E-01
10993.3089	2.041E-01
11003.41281	2.044E-01
11013.5137	2.045E-01
11023.61157	2.048E-01
11033.70642	2.052E-01
11043.79825	2.057E-01
11053.21456	2.064E-01
11063.30053	2.063E-01
11073.38346	2.061E-01
11083.46337	2.061E-01
11093.54023	2.061E-01
11103.61405	2.061E-01
11113.68483	2.062E-01
11123.75256	2.060E-01
11133.14635	2.058E-01
11143.20819	2.056E-01
11153.26696	2.053E-01
11163.32268	2.053E-01
11173.37534	2.050E-01
11183.42494	2.047E-01
11193.47147	2.047E-01
11203.51493	2.044E-01
11213.55532	2.042E-01
11223.59263	2.043E-01
11233.62687	2.041E-01
11243.65803	2.038E-01
11253.6861	2.036E-01
11263.71109	2.034E-01
11273.06496	2.032E-01
11283.08398	2.034E-01
11293.09991	2.034E-01
11303.11274	2.031E-01
11313.12247	2.035E-01
11323.12909	2.041E-01
11333.13262	2.048E-01
11343.13303	2.046E-01
11353.13034	2.044E-01
11363.12453	2.044E-01
11373.11561	2.042E-01
11383.10358	2.040E-01
11393.08842	2.037E-01
11403.07013	2.036E-01
11413.04872	2.035E-01
11423.02418	2.033E-01
11432.99651	2.036E-01
11442.96571	2.041E-01
11452.93177	2.044E-01
11463.55877	2.042E-01
11473.51834	2.041E-01
11483.47476	2.039E-01
11493.42803	2.040E-01
11503.37815	2.042E-01
11513.32512	2.040E-01
11523.26893	2.038E-01
11533.20958	2.036E-01
11543.14707	2.039E-01
11553.0814	2.042E-01
11563.01256	2.040E-01
11572.94055	2.038E-01
11582.86536	2.042E-01
11593.44833	2.041E-01
11603.36658	2.040E-01
11613.28165	2.039E-01
11623.19353	2.039E-01
11633.10223	2.040E-01
11643.00774	2.040E-01
11652.91006	2.040E-01
11662.80918	2.038E-01
11673.36472	2.038E-01
11683.25723	2.040E-01
11693.14654	2.042E-01
11703.03264	2.042E-01
11712.91554	2.040E-01
11722.79522	2.039E-01
11733.33001	2.038E-01
11743.20304	2.038E-01
11753.07286	2.036E-01
11762.93946	2.038E-01
11772.80283	2.038E-01
11783.3202	2.043E-01
11793.1769	2.043E-01
11803.03036	2.040E-01
11812.88059	2.038E-01
11822.72758	2.037E-01
11833.22747	2.034E-01
11843.06776	2.037E-01
11852.9048	2.036E-01
11862.73859	2.038E-01
11873.22439	2.043E-01
11883.05145	2.046E-01
11892.87526	2.049E-01
11902.69581	2.048E-01
11913.16747	2.049E-01
11922.98127	2.048E-01
11932.79181	2.048E-01
11942.59907	2.047E-01
11953.05654	2.048E-01
11962.85704	2.051E-01
11972.65425	2.057E-01
11983.10099	2.061E-01
11992.89142	2.060E-01
12002.67856	2.061E-01
12013.11455	2.066E-01
12022.89488	2.064E-01
12032.67192	2.062E-01
12043.09713	2.060E-01
12052.86735	2.060E-01
12062.63426	2.060E-01
12073.04866	2.061E-01
12082.80874	2.059E-01
12092.5655	2.060E-01
12102.96906	2.057E-01
12112.71897	2.056E-01
12122.46556	2.058E-01
12132.85826	2.057E-01
12142.59798	2.057E-01
12152.98334	2.056E-01
12162.71618	2.055E-01
12172.44568	2.055E-01
12182.82013	2.056E-01
12192.54273	2.058E-01
12202.90982	2.057E-01
12212.62551	2.055E-01
12222.98523	2.055E-01
12232.69399	2.055E-01
12242.39941	2.056E-01
12252.74815	2.060E-01
12262.44662	2.061E-01
12272.78796	2.059E-01
12282.47948	2.060E-01
12292.81339	2.058E-01
12302.49796	2.057E-01
12312.82444	2.055E-01
12322.50203	2.061E-01
12332.82106	2.067E-01
12342.49167	2.071E-01
12352.80325	2.071E-01
12362.46686	2.071E-01
12372.77097	2.070E-01
12382.42757	2.072E-01
12392.7242	2.071E-01
12402.37378	2.072E-01
12412.66292	2.071E-01
12422.30547	2.071E-01
12432.58711	2.074E-01
12442.22262	2.077E-01
12452.49673	2.077E-01
12462.76697	2.076E-01
12472.39178	2.077E-01
12482.65448	2.077E-01
12492.27222	2.075E-01
12502.52738	2.074E-01
12512.77863	2.073E-01
12522.38563	2.071E-01
12532.62932	2.070E-01
12542.22922	2.068E-01
12552.46533	2.069E-01
12562.69753	2.071E-01
12572.28665	2.069E-01
12582.51125	2.068E-01
12592.73192	2.070E-01
12602.31024	2.070E-01
12612.5233	2.072E-01
12622.09447	2.070E-01
12632.29991	2.071E-01
12642.5014	2.074E-01
12652.69895	2.075E-01
12662.25557	2.073E-01
12672.44547	2.072E-01
12682.63142	2.070E-01
12692.17715	2.073E-01
12702.35544	2.070E-01
12712.52975	2.071E-01
12722.06458	2.075E-01
12732.23121	2.077E-01
12742.39387	2.079E-01
12752.55256	2.082E-01
12762.07271	2.080E-01
12772.22369	2.083E-01
12782.37068	2.085E-01
12792.51369	2.087E-01
12802.01913	2.087E-01
12812.1544	2.089E-01
12822.28568	2.089E-01
12832.41295	2.091E-01
12842.53622	2.090E-01
12852.02315	2.089E-01
12862.13866	2.089E-01
12872.25016	2.090E-01
12882.35764	2.087E-01
12892.4611	2.089E-01
12901.92944	2.093E-01
12912.02511	2.093E-01
12922.11675	2.090E-01
12932.20436	2.089E-01
12942.28794	2.092E-01
12952.36747	2.100E-01
12962.44297	2.105E-01
12971.88508	2.104E-01
12981.95274	2.102E-01
12992.01635	2.102E-01
13002.07591	2.103E-01
13012.13141	2.105E-01
13022.18286	2.105E-01
13032.23024	2.105E-01
13042.27356	2.108E-01
13052.31281	2.111E-01
13062.34799	2.113E-01
13072.37909	2.112E-01
13081.77955	2.111E-01
13091.80275	2.113E-01
13101.82186	2.113E-01
13111.83689	2.113E-01
13121.84783	2.115E-01
13131.85468	2.115E-01
13141.85743	2.116E-01
13151.85608	2.115E-01
13161.85063	2.115E-01
13171.84107	2.113E-01
13181.8274	2.113E-01
13191.80963	2.112E-01
13201.78774	2.113E-01
13211.76172	2.112E-01
13221.73159	2.112E-01
13231.69734	2.112E-01
13241.65895	2.111E-01
13252.23865	2.112E-01
13262.19174	2.110E-01
13272.1407	2.108E-01
13282.08552	2.110E-01
13292.02619	2.108E-01
13301.96272	2.106E-01
13311.8951	2.108E-01
13321.82333	2.109E-01
13331.7474	2.106E-01
13341.66731	2.110E-01
13351.58306	2.116E-01
13362.11398	2.118E-01
13372.02114	2.117E-01
13381.92413	2.117E-01
13391.82294	2.116E-01
13401.71758	2.116E-01
13411.60803	2.117E-01
13422.11206	2.119E-01
13431.99388	2.118E-01
13441.87151	2.118E-01
13451.74495	2.117E-01
13461.6142	2.120E-01
13472.09567	2.126E-01
13481.95625	2.129E-01
13491.81263	2.133E-01
13501.66479	2.131E-01
13511.51275	2.131E-01
13521.97158	2.129E-01
13531.81084	2.128E-01
13541.64588	2.126E-01
13551.47669	2.124E-01
13561.9173	2.124E-01
13571.7394	2.122E-01
13581.55725	2.120E-01
13591.98409	2.121E-01
13601.79321	2.122E-01
13611.59808	2.124E-01
13621.39871	2.125E-01
13631.80722	2.130E-01
13641.59909	2.134E-01
13651.38669	2.132E-01
13661.78136	2.132E-01
13671.56018	2.137E-01
13681.94551	2.136E-01
13691.71553	2.136E-01
13701.48128	2.137E-01
13711.85271	2.136E-01
13721.60964	2.134E-01
13731.3623	2.135E-01
13741.7198	2.133E-01
13751.46361	2.135E-01
13761.81172	2.133E-01
13771.54668	2.133E-01
13781.88538	2.138E-01
13791.61148	2.138E-01
13801.33328	2.138E-01
13811.65798	2.136E-01
13821.37089	2.136E-01
13831.68615	2.142E-01
13841.39017	2.143E-01
13851.69596	2.145E-01
13861.39108	2.144E-01
13871.6874	2.145E-01
13881.37359	2.144E-01
13891.66043	2.142E-01
13901.33769	2.140E-01
13911.61502	2.142E-01
13921.28334	2.146E-01
13931.55116	2.151E-01
13941.21051	2.155E-01
13951.46881	2.156E-01
13961.72219	2.155E-01
13971.36795	2.153E-01
13981.61179	2.155E-01
13991.24855	2.161E-01
14001.48283	2.164E-01
14011.71217	2.163E-01
14021.33529	2.163E-01
14031.55505	2.162E-01
14041.16914	2.166E-01
14051.37931	2.173E-01
14061.58453	2.172E-01
14071.18493	2.170E-01
14081.38053	2.172E-01
14091.57118	2.171E-01
14101.15785	2.176E-01
14111.33886	2.179E-01
14121.51491	2.179E-01
14131.08782	2.177E-01
14141.25421	2.178E-01
14151.41561	2.176E-01
14161.57204	2.174E-01
14171.12647	2.173E-01
14181.27321	2.172E-01
14191.41496	2.176E-01
14201.55171	2.176E-01
14211.08762	2.175E-01
14221.21466	2.183E-01
14231.33669	2.184E-01
14241.45371	2.183E-01
14250.97103	2.185E-01
14261.07831	2.184E-01
14271.18057	2.187E-01
14281.27781	2.190E-01
14291.37001	2.192E-01
14301.45718	2.193E-01
14310.94639	2.191E-01
14321.02379	2.193E-01
14331.09614	2.193E-01
14341.16344	2.194E-01
14351.2257	2.193E-01
14361.2829	2.192E-01
14371.33504	2.196E-01
14381.38213	2.196E-01
14391.42415	2.197E-01
14400.87083	2.196E-01
14410.90301	2.198E-01
14420.93011	2.197E-01
14430.95214	2.201E-01
14440.96908	2.203E-01
14450.98094	2.205E-01
14460.98771	2.207E-01
14470.98939	2.208E-01
14480.98597	2.208E-01
14490.97745	2.210E-01
14500.96383	2.213E-01
14510.9451	2.215E-01
14520.92127	2.214E-01
14530.89232	2.212E-01
14540.85825	2.212E-01
14550.81906	2.214E-01
14560.77475	2.217E-01
14571.31048	2.222E-01
14581.25561	2.229E-01
14591.19561	2.230E-01
14601.13046	2.233E-01
14611.06018	2.234E-01
14620.98475	2.235E-01
14630.90417	2.241E-01
14640.81844	2.253E-01
14650.72755	2.265E-01
14661.21393	2.269E-01
14671.11242	2.269E-01
14681.00574	2.275E-01
14690.89389	2.280E-01
14700.77687	2.286E-01
14710.65467	2.289E-01
14721.10787	2.294E-01
14730.975	2.300E-01
14740.83695	2.298E-01
14750.6937	2.299E-01
14761.12461	2.305E-01
14770.97066	2.306E-01
14780.81152	2.305E-01
14790.64717	2.306E-01
14801.05571	2.312E-01
14810.88064	2.329E-01
14820.70034	2.341E-01
14831.09199	2.350E-01
14840.90095	2.355E-01
14850.70469	2.355E-01
14861.07941	2.353E-01
14870.87237	2.357E-01
14880.6601	2.357E-01
14891.01786	2.358E-01
14900.7948	2.362E-01
14910.56649	2.363E-01
14920.90726	2.371E-01
14930.66813	2.376E-01
14940.99744	2.377E-01
14950.74749	2.381E-01
14960.49227	2.386E-01
14970.80453	2.391E-01
14980.53846	2.394E-01
14990.83922	2.406E-01
15000.56229	2.409E-01
15010.85154	2.415E-01
15020.56373	2.435E-01
15030.84146	2.444E-01
15040.54275	2.446E-01
15050.80894	2.447E-01
15060.49932	2.452E-01
15070.75395	2.457E-01
15080.43342	2.460E-01
15090.67647	2.466E-01
15100.91357	2.475E-01
15110.57647	2.488E-01
15120.80197	2.508E-01
15130.45391	2.530E-01
15140.6678	2.552E-01
15150.87571	2.562E-01
15160.51103	2.568E-01
15170.70731	2.566E-01
15180.33163	2.565E-01
15190.51626	2.564E-01
15200.69489	2.564E-01
15210.30253	2.566E-01
15220.4695	2.579E-01
15230.63045	2.591E-01
15240.78539	2.605E-01
15250.37064	2.609E-01
15260.51388	2.610E-01
15270.65109	2.609E-01
15280.78227	2.611E-01
15290.34507	2.610E-01
15300.46452	2.608E-01
15310.57793	2.614E-01
15320.6853	2.614E-01
15330.22559	2.621E-01
15340.32119	2.626E-01
15350.41073	2.637E-01
15360.49422	2.648E-01
15370.57164	2.655E-01
15380.64299	2.658E-01
15390.70827	2.656E-01
15400.20879	2.657E-01
15410.26225	2.656E-01
15420.30963	2.657E-01
15430.35092	2.662E-01
15440.38612	2.670E-01
15450.41522	2.669E-01
15460.43823	2.673E-01
15470.45513	2.679E-01
15480.46592	2.678E-01
15490.4706	2.684E-01
15500.46917	2.697E-01
15510.46161	2.700E-01
15520.44794	2.698E-01
15530.42813	2.698E-01
15540.4022	2.703E-01
15550.37013	2.711E-01
15560.33192	2.713E-01
15570.28757	2.716E-01
15580.23707	2.720E-01
15590.18042	2.728E-01
15600.11761	2.728E-01
15610.04865	2.729E-01
15620.52472	2.736E-01
15630.44309	2.739E-01
15640.35528	2.739E-01
15650.2613	2.740E-01
15660.16114	2.742E-01
15670.0548	2.743E-01
15680.4914	2.741E-01
15690.37234	2.744E-01
15700.24708	2.747E-01
15710.11563	2.756E-01
15719.97797	2.753E-01
15730.38149	2.757E-01
15740.23107	2.758E-01
15750.07444	2.768E-01
15759.91159	2.779E-01
15770.2885	2.788E-01
15780.11286	2.789E-01
15789.93098	2.789E-01
15800.2878	2.788E-01
15810.09311	2.789E-01
15819.89218	2.790E-01
15830.22886	2.788E-01
15840.01509	2.788E-01
15850.33821	2.793E-01
15860.11158	2.793E-01
15869.87869	2.792E-01
15880.18161	2.795E-01
15889.93584	2.796E-01
15900.22516	2.800E-01
15909.96648	2.803E-01
15920.24218	2.804E-01
15929.97059	2.803E-01
15940.23264	2.808E-01
15949.94812	2.811E-01
15960.19652	2.811E-01
15969.89905	2.812E-01
15980.13377	2.821E-01
15989.82334	2.829E-01
16000.04436	2.827E-01
