200	7.833E-05
201	7.900E-05
202	8.122E-05
203	7.233E-05
204	6.233E-05
205	5.067E-05
206	5.078E-05
207	4.944E-05
208	4.756E-05
209	4.389E-05
210	3.978E-05
211	3.622E-05
212	3.100E-05
213	2.700E-05
214	2.144E-05
215	1.389E-05
216	1.000E-05
217	8.111E-06
218	1.078E-05
219	9.889E-06
220	8.667E-06
221	5.556E-06
222	8.222E-06
223	1.167E-05
224	1.611E-05
225	1.489E-05
226	1.644E-05
227	1.889E-05
228	2.178E-05
229	1.922E-05
230	1.456E-05
231	9.889E-06
232	8.333E-06
233	7.222E-06
234	1.011E-05
235	1.189E-05
236	1.578E-05
237	1.400E-05
238	1.456E-05
239	1.378E-05
240	1.567E-05
241	1.511E-05
242	1.444E-05
243	1.622E-05
244	1.767E-05
245	1.789E-05
246	1.622E-05
247	1.733E-05
248	2.000E-05
249	2.500E-05
250	2.589E-05
251	2.667E-05
252	2.156E-05
253	2.122E-05
254	2.333E-05
255	3.022E-05
256	3.300E-05
257	2.944E-05
258	2.411E-05
259	2.289E-05
260	2.500E-05
261	2.500E-05
262	2.144E-05
263	1.778E-05
264	1.856E-05
265	2.456E-05
266	3.233E-05
267	3.778E-05
268	3.300E-05
269	2.578E-05
270	1.622E-05
271	1.967E-05
272	2.600E-05
273	3.844E-05
274	3.744E-05
275	3.467E-05
276	2.811E-05
277	3.267E-05
278	3.511E-05
279	3.922E-05
280	3.544E-05
281	3.356E-05
282	2.422E-05
283	1.878E-05
284	1.433E-05
285	1.767E-05
286	1.900E-05
287	1.944E-05
288	2.078E-05
289	3.044E-05
290	4.111E-05
291	4.878E-05
292	4.400E-05
293	3.911E-05
294	3.067E-05
295	2.622E-05
296	2.267E-05
297	2.844E-05
298	3.722E-05
299	4.267E-05
300	3.733E-05
301	3.511E-05
302	3.789E-05
303	4.722E-05
304	4.800E-05
305	3.989E-05
306	3.167E-05
307	2.722E-05
308	2.900E-05
309	2.656E-05
310	2.778E-05
311	2.644E-05
312	3.133E-05
313	2.922E-05
314	2.867E-05
315	2.100E-05
316	2.056E-05
317	2.056E-05
318	2.856E-05
319	3.022E-05
320	3.600E-05
321	3.300E-05
322	3.056E-05
323	2.333E-05
324	2.756E-05
325	3.622E-05
326	4.489E-05
327	4.389E-05
328	3.956E-05
329	3.178E-05
330	2.544E-05
331	1.933E-05
332	1.800E-05
333	2.178E-05
334	3.400E-05
335	6.811E-05
336	1.233E-04
337	2.213E-04
338	3.784E-04
339	6.571E-04
340	1.100E-03
341	1.782E-03
342	2.767E-03
343	4.169E-03
344	6.135E-03
345	8.863E-03
346	1.262E-02
347	1.766E-02
348	2.427E-02
349	3.269E-02
350	4.314E-02
351	5.584E-02
352	7.115E-02
353	8.958E-02
354	1.117E-01
355	1.379E-01
356	1.685E-01
357	2.035E-01
358	2.433E-01
359	2.881E-01
360	3.379E-01
361	3.916E-01
362	4.482E-01
363	5.067E-01
364	5.674E-01
365	6.296E-01
366	6.913E-01
367	7.475E-01
368	7.932E-01
369	8.235E-01
370	8.363E-01
371	8.317E-01
372	8.125E-01
373	7.845E-01
374	7.558E-01
375	7.364E-01
376	7.350E-01
377	7.586E-01
378	8.105E-01
379	8.912E-01
380	9.987E-01
381	1.129E+00
382	1.278E+00
383	1.441E+00
384	1.615E+00
385	1.797E+00
386	1.985E+00
387	2.177E+00
388	2.368E+00
389	2.551E+00
390	2.724E+00
391	2.887E+00
392	3.044E+00
393	3.195E+00
394	3.336E+00
395	3.462E+00
396	3.575E+00
397	3.679E+00
398	3.774E+00
399	3.857E+00
400	3.925E+00
401	3.977E+00
402	4.013E+00
403	4.036E+00
404	4.050E+00
405	4.062E+00
406	4.069E+00
407	4.070E+00
408	4.065E+00
409	4.061E+00
410	4.065E+00
411	4.078E+00
412	4.095E+00
413	4.113E+00
414	4.130E+00
415	4.152E+00
416	4.184E+00
417	4.226E+00
418	4.270E+00
419	4.314E+00
420	4.356E+00
421	4.399E+00
422	4.449E+00
423	4.504E+00
424	4.556E+00
425	4.599E+00
426	4.632E+00
427	4.661E+00
428	4.691E+00
429	4.719E+00
430	4.738E+00
431	4.744E+00
432	4.737E+00
433	4.725E+00
434	4.715E+00
435	4.707E+00
436	4.699E+00
437	4.689E+00
438	4.681E+00
439	4.683E+00
440	4.700E+00
441	4.732E+00
442	4.773E+00
443	4.818E+00
444	4.869E+00
445	4.928E+00
446	4.999E+00
447	5.078E+00
448	5.157E+00
449	5.230E+00
450	5.295E+00
451	5.359E+00
452	5.426E+00
453	5.494E+00
454	5.557E+00
455	5.610E+00
456	5.655E+00
457	5.696E+00
458	5.738E+00
459	5.777E+00
460	5.806E+00
461	5.820E+00
462	5.820E+00
463	5.817E+00
464	5.816E+00
465	5.815E+00
466	5.807E+00
467	5.789E+00
468	5.763E+00
469	5.736E+00
470	5.713E+00
471	5.693E+00
472	5.670E+00
473	5.642E+00
474	5.612E+00
475	5.584E+00
476	5.562E+00
477	5.541E+00
478	5.515E+00
479	5.480E+00
480	5.441E+00
481	5.408E+00
482	5.384E+00
483	5.366E+00
484	5.347E+00
485	5.324E+00
486	5.297E+00
487	5.270E+00
488	5.244E+00
489	5.221E+00
490	5.199E+00
491	5.178E+00
492	5.156E+00
493	5.140E+00
494	5.131E+00
495	5.125E+00
496	5.115E+00
497	5.099E+00
498	5.080E+00
499	5.064E+00
500	5.055E+00
501	5.052E+00
502	5.048E+00
503	5.040E+00
504	5.029E+00
505	5.023E+00
506	5.024E+00
507	5.032E+00
508	5.040E+00
509	5.044E+00
510	5.044E+00
511	5.045E+00
512	5.052E+00
513	5.065E+00
514	5.079E+00
515	5.089E+00
516	5.097E+00
517	5.109E+00
518	5.129E+00
519	5.154E+00
520	5.178E+00
521	5.197E+00
522	5.212E+00
523	5.233E+00
524	5.260E+00
525	5.289E+00
526	5.316E+00
527	5.339E+00
528	5.365E+00
529	5.395E+00
530	5.431E+00
531	5.468E+00
532	5.501E+00
533	5.530E+00
534	5.554E+00
535	5.576E+00
536	5.600E+00
537	5.623E+00
538	5.646E+00
539	5.668E+00
540	5.685E+00
541	5.698E+00
542	5.710E+00
543	5.723E+00
544	5.739E+00
545	5.752E+00
546	5.760E+00
547	5.761E+00
548	5.758E+00
549	5.757E+00
550	5.759E+00
551	5.759E+00
552	5.752E+00
553	5.734E+00
554	5.713E+00
555	5.696E+00
556	5.684E+00
557	5.667E+00
558	5.645E+00
559	5.618E+00
560	5.594E+00
561	5.570E+00
562	5.544E+00
563	5.516E+00
564	5.487E+00
565	5.459E+00
566	5.429E+00
567	5.396E+00
568	5.362E+00
569	5.329E+00
570	5.297E+00
571	5.264E+00
572	5.228E+00
573	5.191E+00
574	5.157E+00
575	5.125E+00
576	5.093E+00
577	5.058E+00
578	5.024E+00
579	4.993E+00
580	4.967E+00
581	4.942E+00
582	4.916E+00
583	4.892E+00
584	4.872E+00
585	4.857E+00
586	4.846E+00
587	4.838E+00
588	4.830E+00
589	4.822E+00
590	4.818E+00
591	4.818E+00
592	4.821E+00
593	4.823E+00
594	4.825E+00
595	4.833E+00
596	4.848E+00
597	4.866E+00
598	4.885E+00
599	4.901E+00
600	4.916E+00
601	4.928E+00
602	4.942E+00
603	4.959E+00
604	4.980E+00
605	5.002E+00
606	5.023E+00
607	5.042E+00
608	5.060E+00
609	5.078E+00
610	5.101E+00
611	5.124E+00
612	5.148E+00
613	5.169E+00
614	5.188E+00
615	5.207E+00
616	5.229E+00
617	5.249E+00
618	5.265E+00
619	5.277E+00
620	5.286E+00
621	5.296E+00
622	5.309E+00
623	5.325E+00
624	5.341E+00
625	5.352E+00
626	5.354E+00
627	5.354E+00
628	5.353E+00
629	5.357E+00
630	5.360E+00
631	5.360E+00
632	5.353E+00
633	5.344E+00
634	5.339E+00
635	5.340E+00
636	5.341E+00
637	5.336E+00
638	5.332E+00
639	5.329E+00
640	5.332E+00
641	5.337E+00
642	5.343E+00
643	5.347E+00
644	5.351E+00
645	5.355E+00
646	5.360E+00
647	5.367E+00
648	5.376E+00
649	5.388E+00
650	5.402E+00
651	5.414E+00
652	5.427E+00
653	5.448E+00
654	5.476E+00
655	5.504E+00
656	5.526E+00
657	5.550E+00
658	5.584E+00
659	5.628E+00
660	5.677E+00
661	5.725E+00
662	5.770E+00
663	5.818E+00
664	5.875E+00
665	5.937E+00
666	6.006E+00
667	6.073E+00
668	6.146E+00
669	6.219E+00
670	6.302E+00
671	6.389E+00
672	6.483E+00
673	6.577E+00
674	6.675E+00
675	6.778E+00
676	6.888E+00
677	7.006E+00
678	7.128E+00
679	7.246E+00
680	7.358E+00
681	7.468E+00
682	7.589E+00
683	7.713E+00
684	7.842E+00
685	7.962E+00
686	8.085E+00
687	8.205E+00
688	8.334E+00
689	8.463E+00
690	8.588E+00
691	8.703E+00
692	8.811E+00
693	8.915E+00
694	9.017E+00
695	9.115E+00
696	9.211E+00
697	9.305E+00
698	9.401E+00
699	9.492E+00
700	9.583E+00
701	9.666E+00
702	9.749E+00
703	9.820E+00
704	9.884E+00
705	9.946E+00
706	1.001E+01
707	1.008E+01
708	1.014E+01
709	1.019E+01
710	1.022E+01
711	1.026E+01
712	1.031E+01
713	1.035E+01
714	1.039E+01
715	1.043E+01
716	1.045E+01
717	1.048E+01
718	1.051E+01
719	1.054E+01
720	1.056E+01
721	1.058E+01
722	1.058E+01
723	1.059E+01
724	1.061E+01
725	1.062E+01
726	1.063E+01
727	1.064E+01
728	1.064E+01
729	1.065E+01
730	1.065E+01
731	1.066E+01
732	1.065E+01
733	1.065E+01
734	1.064E+01
735	1.063E+01
736	1.063E+01
737	1.062E+01
738	1.061E+01
739	1.059E+01
740	1.058E+01
741	1.057E+01
742	1.057E+01
743	1.055E+01
744	1.054E+01
745	1.051E+01
746	1.050E+01
747	1.048E+01
748	1.048E+01
749	1.046E+01
750	1.045E+01
751	1.043E+01
752	1.041E+01
753	1.040E+01
754	1.039E+01
755	1.037E+01
756	1.034E+01
757	1.031E+01
758	1.029E+01
759	1.026E+01
760	1.024E+01
761	1.022E+01
762	1.019E+01
763	1.017E+01
764	1.015E+01
765	1.013E+01
766	1.011E+01
767	1.008E+01
768	1.005E+01
769	1.002E+01
770	9.991E+00
771	9.961E+00
772	9.935E+00
773	9.911E+00
774	9.887E+00
775	9.860E+00
776	9.836E+00
777	9.810E+00
778	9.785E+00
779	9.759E+00
780	9.733E+00
781	9.702E+00
782	9.666E+00
783	9.631E+00
784	9.601E+00
785	9.571E+00
786	9.541E+00
787	9.514E+00
788	9.491E+00
789	9.467E+00
790	9.439E+00
791	9.411E+00
792	9.381E+00
793	9.351E+00
794	9.318E+00
795	9.288E+00
796	9.259E+00
797	9.230E+00
798	9.203E+00
799	9.172E+00
800	9.139E+00
801	9.100E+00
802	9.063E+00
803	9.030E+00
804	9.006E+00
805	8.979E+00
806	8.948E+00
807	8.912E+00
808	8.882E+00
809	8.857E+00
810	8.838E+00
811	8.813E+00
812	8.781E+00
813	8.748E+00
814	8.716E+00
815	8.685E+00
816	8.651E+00
817	8.624E+00
818	8.596E+00
819	8.572E+00
820	8.538E+00
821	8.507E+00
822	8.475E+00
823	8.452E+00
824	8.429E+00
825	8.403E+00
826	8.369E+00
827	8.341E+00
828	8.315E+00
829	8.292E+00
830	8.263E+00
831	8.233E+00
832	8.203E+00
833	8.174E+00
834	8.146E+00
835	8.117E+00
836	8.087E+00
837	8.059E+00
838	8.033E+00
839	8.010E+00
840	7.984E+00
841	7.957E+00
842	7.930E+00
843	7.905E+00
844	7.875E+00
845	7.835E+00
846	7.793E+00
847	7.764E+00
848	7.751E+00
849	7.741E+00
850	7.724E+00
851	7.697E+00
852	7.664E+00
853	7.631E+00
854	7.600E+00
855	7.575E+00
856	7.552E+00
857	7.517E+00
858	7.449E+00
859	7.333E+00
860	7.188E+00
861	7.061E+00
862	7.001E+00
863	7.014E+00
864	7.075E+00
865	7.119E+00
866	7.098E+00
867	7.005E+00
868	6.893E+00
869	6.809E+00
870	6.769E+00
871	6.767E+00
872	6.788E+00
873	6.816E+00
874	6.824E+00
875	6.802E+00
876	6.751E+00
877	6.690E+00
878	6.653E+00
879	6.654E+00
880	6.686E+00
881	6.700E+00
882	6.664E+00
883	6.585E+00
884	6.524E+00
885	6.527E+00
886	6.568E+00
887	6.578E+00
888	6.520E+00
889	6.439E+00
890	6.400E+00
891	6.423E+00
892	6.477E+00
893	6.502E+00
894	6.470E+00
895	6.395E+00
896	6.330E+00
897	6.319E+00
898	6.351E+00
899	6.374E+00
900	6.339E+00
901	6.256E+00
902	6.194E+00
903	6.201E+00
904	6.246E+00
905	6.262E+00
906	6.230E+00
907	6.183E+00
908	6.141E+00
909	6.090E+00
910	6.038E+00
911	6.007E+00
912	5.994E+00
913	5.967E+00
914	5.930E+00
915	5.919E+00
916	5.955E+00
917	6.007E+00
918	6.012E+00
919	5.954E+00
920	5.876E+00
921	5.842E+00
922	5.857E+00
923	5.858E+00
924	5.803E+00
925	5.729E+00
926	5.708E+00
927	5.742E+00
928	5.760E+00
929	5.700E+00
930	5.590E+00
931	5.518E+00
932	5.538E+00
933	5.609E+00
934	5.650E+00
935	5.619E+00
936	5.561E+00
937	5.528E+00
938	5.530E+00
939	5.531E+00
940	5.503E+00
941	5.451E+00
942	5.407E+00
943	5.396E+00
944	5.414E+00
945	5.428E+00
946	5.410E+00
947	5.362E+00
948	5.322E+00
949	5.311E+00
950	5.309E+00
951	5.287E+00
952	5.247E+00
953	5.224E+00
954	5.224E+00
955	5.238E+00
956	5.239E+00
957	5.220E+00
958	5.185E+00
959	5.153E+00
960	5.149E+00
961	5.161E+00
962	5.171E+00
963	5.165E+00
964	5.151E+00
965	5.134E+00
966	5.095E+00
967	5.041E+00
968	4.997E+00
969	4.999E+00
970	5.030E+00
971	5.057E+00
972	5.051E+00
973	5.028E+00
974	5.008E+00
975	4.995E+00
976	4.982E+00
977	4.967E+00
978	4.949E+00
979	4.915E+00
980	4.874E+00
981	4.844E+00
982	4.841E+00
983	4.861E+00
984	4.895E+00
985	4.929E+00
986	4.924E+00
987	4.873E+00
988	4.815E+00
989	4.789E+00
990	4.794E+00
991	4.776E+00
992	4.727E+00
993	4.680E+00
994	4.670E+00
995	4.699E+00
996	4.719E+00
997	4.731E+00
998	4.734E+00
999	4.739E+00
1000	4.715E+00
1001	4.667E+00
1002	4.636E+00
1003	4.647E+00
1004	4.691E+00
1005	4.705E+00
1006	4.674E+00
1007	4.614E+00
1008	4.582E+00
1009	4.589E+00
1010	4.620E+00
1011	4.633E+00
1012	4.610E+00
1013	4.560E+00
1014	4.529E+00
1015	4.539E+00
1016	4.575E+00
1017	4.594E+00
1018	4.564E+00
1019	4.510E+00
1020	4.475E+00
1021	4.485E+00
1022	4.521E+00
1023	4.537E+00
1024	4.520E+00
1025	4.481E+00
1026	4.468E+00
1027	4.483E+00
1028	4.515E+00
1029	4.523E+00
1030	4.496E+00
1031	4.441E+00
1032	4.380E+00
1033	4.351E+00
1034	4.362E+00
1035	4.407E+00
1036	4.434E+00
1037	4.425E+00
1038	4.386E+00
1039	4.361E+00
1040	4.369E+00
1041	4.404E+00
1042	4.424E+00
1043	4.414E+00
1044	4.381E+00
1045	4.336E+00
1046	4.296E+00
1047	4.281E+00
1048	4.307E+00
1049	4.364E+00
1050	4.399E+00
1051	4.396E+00
1052	4.357E+00
1053	4.311E+00
1054	4.267E+00
1055	4.263E+00
1056	4.295E+00
1057	4.362E+00
1058	4.403E+00
1059	4.412E+00
1060	4.386E+00
1061	4.352E+00
1062	4.313E+00
1063	4.270E+00
1064	4.218E+00
1065	4.174E+00
1066	4.173E+00
1067	4.224E+00
1068	4.301E+00
1069	4.351E+00
1070	4.365E+00
1071	4.352E+00
1072	4.325E+00
1073	4.279E+00
1074	4.227E+00
1075	4.211E+00
1076	4.243E+00
1077	4.307E+00
1078	4.336E+00
1079	4.321E+00
1080	4.272E+00
1081	4.225E+00
1082	4.211E+00
1083	4.234E+00
1084	4.286E+00
1085	4.319E+00
1086	4.319E+00
1087	4.290E+00
1088	4.252E+00
1089	4.216E+00
1090	4.216E+00
1091	4.254E+00
1092	4.324E+00
1093	4.359E+00
1094	4.357E+00
1095	4.313E+00
1096	4.266E+00
1097	4.219E+00
1098	4.192E+00
1099	4.204E+00
1100	4.257E+00
1101	4.335E+00
1102	4.388E+00
1103	4.413E+00
1104	4.403E+00
1105	4.385E+00
1106	4.363E+00
1107	4.348E+00
1108	4.332E+00
1109	4.314E+00
1110	4.288E+00
1111	4.265E+00
1112	4.245E+00
1113	4.231E+00
1114	4.219E+00
1115	4.196E+00
1116	4.164E+00
1117	4.127E+00
1118	4.109E+00
1119	4.141E+00
1120	4.219E+00
1121	4.302E+00
1122	4.333E+00
1123	4.330E+00
1124	4.344E+00
1125	4.402E+00
1126	4.475E+00
1127	4.485E+00
1128	4.403E+00
1129	4.265E+00
1130	4.162E+00
1131	4.179E+00
1132	4.269E+00
1133	4.342E+00
1134	4.315E+00
1135	4.274E+00
1136	4.277E+00
1137	4.353E+00
1138	4.410E+00
1139	4.437E+00
1140	4.433E+00
1141	4.438E+00
1142	4.450E+00
1143	4.454E+00
1144	4.446E+00
1145	4.421E+00
1146	4.398E+00
1147	4.400E+00
1148	4.440E+00
1149	4.501E+00
1150	4.543E+00
1151	4.555E+00
1152	4.540E+00
1153	4.524E+00
1154	4.508E+00
1155	4.491E+00
1156	4.471E+00
1157	4.447E+00
1158	4.421E+00
1159	4.404E+00
1160	4.421E+00
1161	4.484E+00
1162	4.569E+00
1163	4.633E+00
1164	4.656E+00
1165	4.662E+00
1166	4.665E+00
1167	4.678E+00
1168	4.688E+00
1169	4.696E+00
1170	4.699E+00
1171	4.705E+00
1172	4.714E+00
1173	4.725E+00
1174	4.735E+00
1175	4.748E+00
1176	4.766E+00
1177	4.783E+00
1178	4.790E+00
1179	4.773E+00
1180	4.746E+00
1181	4.712E+00
1182	4.703E+00
1183	4.746E+00
1184	4.867E+00
1185	5.053E+00
1186	5.225E+00
1187	5.272E+00
1188	5.162E+00
1189	4.961E+00
1190	4.820E+00
1191	4.762E+00
1192	4.768E+00
1193	4.774E+00
1194	4.809E+00
1195	4.869E+00
1196	4.936E+00
1197	4.955E+00
1198	4.940E+00
1199	4.931E+00
1200	4.957E+00
1201	4.998E+00
1202	5.013E+00
1203	5.032E+00
1204	5.073E+00
1205	5.137E+00
1206	5.171E+00
1207	5.167E+00
1208	5.143E+00
1209	5.130E+00
1210	5.134E+00
1211	5.152E+00
1212	5.182E+00
1213	5.222E+00
1214	5.243E+00
1215	5.227E+00
1216	5.175E+00
1217	5.130E+00
1218	5.133E+00
1219	5.180E+00
1220	5.234E+00
1221	5.252E+00
1222	5.229E+00
1223	5.195E+00
1224	5.185E+00
1225	5.203E+00
1226	5.239E+00
1227	5.281E+00
1228	5.329E+00
1229	5.369E+00
1230	5.388E+00
1231	5.394E+00
1232	5.392E+00
1233	5.390E+00
1234	5.398E+00
1235	5.445E+00
1236	5.530E+00
1237	5.620E+00
1238	5.669E+00
1239	5.676E+00
1240	5.658E+00
1241	5.642E+00
1242	5.648E+00
1243	5.706E+00
1244	5.817E+00
1245	5.942E+00
1246	6.005E+00
1247	5.973E+00
1248	5.867E+00
1249	5.764E+00
1250	5.726E+00
1251	5.754E+00
1252	5.821E+00
1253	5.889E+00
1254	5.936E+00
1255	5.948E+00
1256	5.937E+00
1257	5.939E+00
1258	5.974E+00
1259	6.014E+00
1260	6.019E+00
1261	5.989E+00
1262	5.973E+00
1263	6.009E+00
1264	6.091E+00
1265	6.180E+00
1266	6.229E+00
1267	6.210E+00
1268	6.133E+00
1269	6.051E+00
1270	6.016E+00
1271	6.050E+00
1272	6.148E+00
1273	6.285E+00
1274	6.417E+00
1275	6.502E+00
1276	6.538E+00
1277	6.539E+00
1278	6.528E+00
1279	6.510E+00
1280	6.512E+00
1281	6.557E+00
1282	6.644E+00
1283	6.734E+00
1284	6.791E+00
1285	6.823E+00
1286	6.843E+00
1287	6.860E+00
1288	6.867E+00
1289	6.868E+00
1290	6.873E+00
1291	6.891E+00
1292	6.932E+00
1293	6.997E+00
1294	7.077E+00
1295	7.143E+00
1296	7.156E+00
1297	7.106E+00
1298	7.026E+00
1299	6.984E+00
1300	7.014E+00
1301	7.100E+00
1302	7.204E+00
1303	7.311E+00
1304	7.426E+00
1305	7.508E+00
1306	7.518E+00
1307	7.452E+00
1308	7.376E+00
1309	7.335E+00
1310	7.330E+00
1311	7.348E+00
1312	7.378E+00
1313	7.413E+00
1314	7.450E+00
1315	7.489E+00
1316	7.547E+00
1317	7.616E+00
1318	7.687E+00
1319	7.749E+00
1320	7.805E+00
1321	7.856E+00
1322	7.901E+00
1323	7.951E+00
1324	8.018E+00
1325	8.107E+00
1326	8.210E+00
1327	8.320E+00
1328	8.423E+00
1329	8.466E+00
1330	8.416E+00
1331	8.295E+00
1332	8.211E+00
1333	8.213E+00
1334	8.297E+00
1335	8.405E+00
1336	8.516E+00
1337	8.589E+00
1338	8.613E+00
1339	8.619E+00
1340	8.681E+00
1341	8.773E+00
1342	8.785E+00
1343	8.701E+00
1344	8.655E+00
1345	8.785E+00
1346	9.010E+00
1347	9.134E+00
1348	9.001E+00
1349	8.675E+00
1350	8.389E+00
1351	8.477E+00
1352	9.017E+00
1353	9.682E+00
1354	9.891E+00
1355	9.377E+00
1356	8.469E+00
1357	7.883E+00
1358	8.075E+00
1359	8.855E+00
1360	9.639E+00
1361	9.980E+00
1362	9.887E+00
1363	9.590E+00
1364	9.304E+00
1365	9.138E+00
1366	9.097E+00
1367	9.236E+00
1368	9.570E+00
1369	1.003E+01
1370	1.042E+01
1371	1.066E+01
1372	1.084E+01
1373	1.101E+01
1374	1.096E+01
1375	1.040E+01
1376	9.371E+00
1377	8.379E+00
1378	8.053E+00
1379	8.626E+00
1380	9.718E+00
1381	1.062E+01
1382	1.085E+01
1383	1.057E+01
1384	1.043E+01
1385	1.078E+01
1386	1.126E+01
1387	1.132E+01
1388	1.082E+01
1389	1.013E+01
1390	9.612E+00
1391	9.611E+00
1392	1.026E+01
1393	1.107E+01
1394	1.123E+01
1395	1.047E+01
1396	9.856E+00
1397	1.024E+01
1398	1.129E+01
1399	1.186E+01
1400	1.151E+01
1401	1.095E+01
1402	1.065E+01
1403	1.060E+01
1404	1.058E+01
1405	1.080E+01
1406	1.139E+01
1407	1.195E+01
1408	1.197E+01
1409	1.145E+01
1410	1.101E+01
1411	1.101E+01
1412	1.131E+01
1413	1.140E+01
1414	1.133E+01
1415	1.129E+01
1416	1.146E+01
1417	1.162E+01
1418	1.163E+01
1419	1.158E+01
1420	1.172E+01
1421	1.205E+01
1422	1.226E+01
1423	1.221E+01
1424	1.196E+01
1425	1.180E+01
1426	1.176E+01
1427	1.182E+01
1428	1.192E+01
1429	1.205E+01
1430	1.217E+01
1431	1.223E+01
1432	1.227E+01
1433	1.237E+01
1434	1.254E+01
1435	1.272E+01
1436	1.276E+01
1437	1.264E+01
1438	1.243E+01
1439	1.232E+01
1440	1.235E+01
1441	1.255E+01
1442	1.284E+01
1443	1.309E+01
1444	1.307E+01
1445	1.285E+01
1446	1.265E+01
1447	1.271E+01
1448	1.292E+01
1449	1.311E+01
1450	1.319E+01
1451	1.325E+01
1452	1.338E+01
1453	1.355E+01
1454	1.363E+01
1455	1.356E+01
1456	1.343E+01
1457	1.342E+01
1458	1.352E+01
1459	1.357E+01
1460	1.352E+01
1461	1.345E+01
1462	1.350E+01
1463	1.361E+01
1464	1.362E+01
1465	1.346E+01
1466	1.324E+01
1467	1.330E+01
1468	1.366E+01
1469	1.420E+01
1470	1.453E+01
1471	1.449E+01
1472	1.416E+01
1473	1.378E+01
1474	1.359E+01
1475	1.358E+01
1476	1.381E+01
1477	1.419E+01
1478	1.469E+01
1479	1.501E+01
1480	1.503E+01
1481	1.475E+01
1482	1.443E+01
1483	1.427E+01
1484	1.424E+01
1485	1.429E+01
1486	1.430E+01
1487	1.433E+01
1488	1.437E+01
1489	1.442E+01
1490	1.449E+01
1491	1.457E+01
1492	1.471E+01
1493	1.488E+01
1494	1.508E+01
1495	1.522E+01
1496	1.521E+01
1497	1.503E+01
1498	1.480E+01
1499	1.468E+01
1500	1.474E+01
1501	1.490E+01
1502	1.513E+01
1503	1.532E+01
1504	1.538E+01
1505	1.525E+01
1506	1.509E+01
1507	1.508E+01
1508	1.523E+01
1509	1.545E+01
1510	1.562E+01
1511	1.564E+01
1512	1.553E+01
1513	1.534E+01
1514	1.529E+01
1515	1.540E+01
1516	1.562E+01
1517	1.581E+01
1518	1.584E+01
1519	1.571E+01
1520	1.552E+01
1521	1.545E+01
1522	1.551E+01
1523	1.568E+01
1524	1.590E+01
1525	1.609E+01
1526	1.613E+01
1527	1.600E+01
1528	1.581E+01
1529	1.572E+01
1530	1.572E+01
1531	1.581E+01
1532	1.594E+01
1533	1.611E+01
1534	1.629E+01
1535	1.640E+01
1536	1.638E+01
1537	1.622E+01
1538	1.603E+01
1539	1.596E+01
1540	1.600E+01
1541	1.611E+01
1542	1.623E+01
1543	1.638E+01
1544	1.653E+01
1545	1.661E+01
1546	1.654E+01
1547	1.634E+01
1548	1.612E+01
1549	1.604E+01
1550	1.612E+01
1551	1.634E+01
1552	1.662E+01
1553	1.681E+01
1554	1.682E+01
1555	1.662E+01
1556	1.638E+01
1557	1.629E+01
1558	1.638E+01
1559	1.658E+01
1560	1.682E+01
1561	1.703E+01
1562	1.709E+01
1563	1.696E+01
1564	1.678E+01
1565	1.674E+01
1566	1.687E+01
1567	1.701E+01
1568	1.696E+01
1569	1.675E+01
1570	1.655E+01
1571	1.655E+01
1572	1.671E+01
1573	1.695E+01
1574	1.708E+01
1575	1.703E+01
1576	1.684E+01
1577	1.661E+01
1578	1.654E+01
1579	1.663E+01
1580	1.684E+01
1581	1.707E+01
1582	1.726E+01
1583	1.735E+01
1584	1.727E+01
1585	1.710E+01
1586	1.690E+01
1587	1.680E+01
1588	1.678E+01
1589	1.682E+01
1590	1.687E+01
1591	1.694E+01
1592	1.700E+01
1593	1.704E+01
1594	1.708E+01
1595	1.713E+01
1596	1.720E+01
1597	1.726E+01
1598	1.730E+01
1599	1.737E+01
1600	1.748E+01
1601	1.762E+01
1602	1.775E+01
1603	1.785E+01
1604	1.788E+01
1605	1.776E+01
1606	1.750E+01
1607	1.720E+01
1608	1.702E+01
1609	1.699E+01
1610	1.704E+01
1611	1.711E+01
1612	1.719E+01
1613	1.726E+01
1614	1.732E+01
1615	1.735E+01
1616	1.739E+01
1617	1.746E+01
1618	1.757E+01
1619	1.773E+01
1620	1.785E+01
1621	1.781E+01
1622	1.762E+01
1623	1.738E+01
1624	1.727E+01
1625	1.727E+01
1626	1.740E+01
1627	1.757E+01
1628	1.770E+01
1629	1.767E+01
1630	1.747E+01
1631	1.728E+01
1632	1.724E+01
1633	1.736E+01
1634	1.757E+01
1635	1.772E+01
1636	1.772E+01
1637	1.757E+01
1638	1.741E+01
1639	1.738E+01
1640	1.750E+01
1641	1.762E+01
1642	1.763E+01
1643	1.750E+01
1644	1.735E+01
1645	1.730E+01
1646	1.737E+01
1647	1.753E+01
1648	1.769E+01
1649	1.776E+01
1650	1.768E+01
1651	1.749E+01
1652	1.735E+01
1653	1.736E+01
1654	1.747E+01
1655	1.763E+01
1656	1.779E+01
1657	1.796E+01
1658	1.813E+01
1659	1.828E+01
1660	1.836E+01
1661	1.829E+01
1662	1.808E+01
1663	1.785E+01
1664	1.780E+01
1665	1.797E+01
1666	1.821E+01
1667	1.829E+01
1668	1.809E+01
1669	1.772E+01
1670	1.740E+01
1671	1.726E+01
1672	1.728E+01
1673	1.740E+01
1674	1.758E+01
1675	1.776E+01
1676	1.786E+01
1677	1.781E+01
1678	1.758E+01
1679	1.736E+01
1680	1.726E+01
1681	1.731E+01
1682	1.741E+01
1683	1.753E+01
1684	1.768E+01
1685	1.786E+01
1686	1.794E+01
1687	1.786E+01
1688	1.764E+01
1689	1.747E+01
1690	1.744E+01
1691	1.753E+01
1692	1.765E+01
1693	1.774E+01
1694	1.782E+01
1695	1.788E+01
1696	1.785E+01
1697	1.769E+01
1698	1.744E+01
1699	1.726E+01
1700	1.721E+01
1701	1.730E+01
1702	1.738E+01
1703	1.742E+01
1704	1.743E+01
1705	1.748E+01
1706	1.756E+01
1707	1.766E+01
1708	1.776E+01
1709	1.789E+01
1710	1.805E+01
1711	1.812E+01
1712	1.803E+01
1713	1.779E+01
1714	1.755E+01
1715	1.741E+01
1716	1.739E+01
1717	1.743E+01
1718	1.751E+01
1719	1.761E+01
1720	1.768E+01
1721	1.772E+01
1722	1.776E+01
1723	1.784E+01
1724	1.797E+01
1725	1.811E+01
1726	1.813E+01
1727	1.799E+01
1728	1.773E+01
1729	1.754E+01
1730	1.745E+01
1731	1.744E+01
1732	1.744E+01
1733	1.745E+01
1734	1.747E+01
1735	1.751E+01
1736	1.758E+01
1737	1.768E+01
1738	1.779E+01
1739	1.790E+01
1740	1.801E+01
1741	1.815E+01
1742	1.826E+01
1743	1.825E+01
1744	1.807E+01
1745	1.775E+01
1746	1.751E+01
1747	1.740E+01
1748	1.744E+01
1749	1.752E+01
1750	1.760E+01
1751	1.767E+01
1752	1.774E+01
1753	1.781E+01
1754	1.788E+01
1755	1.797E+01
1756	1.808E+01
1757	1.823E+01
1758	1.835E+01
1759	1.836E+01
1760	1.818E+01
1761	1.787E+01
1762	1.763E+01
1763	1.751E+01
1764	1.752E+01
1765	1.754E+01
1766	1.757E+01
1767	1.757E+01
1768	1.755E+01
1769	1.749E+01
1770	1.743E+01
1771	1.740E+01
1772	1.740E+01
1773	1.738E+01
1774	1.741E+01
1775	1.754E+01
1776	1.778E+01
1777	1.804E+01
1778	1.829E+01
1779	1.849E+01
1780	1.858E+01
1781	1.855E+01
1782	1.847E+01
1783	1.846E+01
1784	1.849E+01
1785	1.844E+01
1786	1.830E+01
1787	1.816E+01
1788	1.811E+01
1789	1.818E+01
1790	1.828E+01
1791	1.842E+01
1792	1.861E+01
1793	1.885E+01
1794	1.896E+01
1795	1.875E+01
1796	1.834E+01
1797	1.806E+01
1798	1.812E+01
1799	1.834E+01
1800	1.838E+01
1801	1.824E+01
1802	1.817E+01
1803	1.837E+01
1804	1.870E+01
1805	1.886E+01
1806	1.868E+01
1807	1.833E+01
1808	1.803E+01
1809	1.795E+01
1810	1.806E+01
1811	1.853E+01
1812	1.918E+01
1813	1.957E+01
1814	1.904E+01
1815	1.827E+01
1816	1.766E+01
1817	1.768E+01
1818	1.861E+01
1819	1.926E+01
1820	2.035E+01
1821	1.988E+01
1822	1.918E+01
1823	1.783E+01
1824	1.715E+01
1825	1.719E+01
1826	1.784E+01
1827	1.896E+01
1828	2.001E+01
1829	2.039E+01
1830	1.971E+01
1831	1.855E+01
1832	1.762E+01
1833	1.729E+01
1834	1.805E+01
1835	1.885E+01
1836	1.963E+01
1837	1.963E+01
1838	1.963E+01
1839	1.963E+01
1840	1.963E+01
1841	1.879E+01
1842	1.794E+01
1843	1.710E+01
1844	1.754E+01
1845	1.875E+01
1846	1.995E+01
1847	2.071E+01
1848	1.989E+01
1849	1.873E+01
1850	1.791E+01
1851	1.836E+01
1852	1.923E+01
1853	1.938E+01
1854	1.865E+01
1855	1.775E+01
1856	1.763E+01
1857	1.869E+01
1858	2.050E+01
1859	2.092E+01
1860	2.061E+01
1861	1.995E+01
1862	1.964E+01
1863	1.891E+01
1864	1.785E+01
1865	1.750E+01
1866	1.704E+01
1867	1.666E+01
1868	1.636E+01
1869	1.688E+01
1870	1.763E+01
1871	1.855E+01
1872	1.943E+01
1873	2.032E+01
1874	2.117E+01
1875	2.170E+01
1876	2.146E+01
1877	2.045E+01
1878	1.931E+01
1879	1.881E+01
1880	1.909E+01
1881	1.977E+01
1882	2.033E+01
1883	2.047E+01
1884	2.010E+01
1885	1.934E+01
1886	1.850E+01
1887	1.814E+01
1888	1.862E+01
1889	1.987E+01
1890	2.032E+01
1891	2.096E+01
1892	2.037E+01
1893	1.980E+01
1894	1.831E+01
1895	1.774E+01
1896	1.828E+01
1897	1.939E+01
1898	2.013E+01
1899	1.996E+01
1900	1.904E+01
1901	1.816E+01
1902	1.823E+01
1903	1.950E+01
1904	2.017E+01
1905	2.117E+01
1906	2.069E+01
1907	2.023E+01
1908	1.881E+01
1909	1.838E+01
1910	1.917E+01
1911	2.050E+01
1912	2.075E+01
1913	2.080E+01
1914	1.970E+01
1915	1.890E+01
1916	1.769E+01
1917	1.764E+01
1918	1.857E+01
1919	1.979E+01
1920	2.051E+01
1921	2.051E+01
1922	2.006E+01
1923	1.961E+01
1924	1.946E+01
1925	1.964E+01
1926	2.005E+01
1927	2.042E+01
1928	2.057E+01
1929	2.051E+01
1930	2.035E+01
1931	2.023E+01
1932	2.020E+01
1933	2.018E+01
1934	2.015E+01
1935	2.010E+01
1936	2.020E+01
1937	2.051E+01
1938	2.088E+01
1939	2.101E+01
1940	2.085E+01
1941	2.055E+01
1942	2.041E+01
1943	2.044E+01
1944	2.064E+01
1945	2.078E+01
1946	2.082E+01
1947	2.076E+01
1948	2.068E+01
1949	2.057E+01
1950	2.051E+01
1951	2.059E+01
1952	2.074E+01
1953	2.078E+01
1954	2.073E+01
1955	2.077E+01
1956	2.095E+01
1957	2.107E+01
1958	2.099E+01
1959	2.086E+01
1960	2.085E+01
1961	2.096E+01
1962	2.102E+01
1963	2.105E+01
1964	2.106E+01
1965	2.116E+01
1966	2.121E+01
1967	2.114E+01
1968	2.104E+01
1969	2.112E+01
1970	2.138E+01
1971	2.164E+01
1972	2.165E+01
1973	2.156E+01
1974	2.147E+01
1975	2.147E+01
1976	2.147E+01
1977	2.142E+01
1978	2.136E+01
1979	2.131E+01
1980	2.129E+01
1981	2.130E+01
1982	2.133E+01
1983	2.139E+01
1984	2.148E+01
1985	2.163E+01
1986	2.180E+01
1987	2.197E+01
1988	2.205E+01
1989	2.197E+01
1990	2.174E+01
1991	2.152E+01
1992	2.146E+01
1993	2.157E+01
1994	2.176E+01
1995	2.189E+01
1996	2.190E+01
1997	2.178E+01
1998	2.167E+01
1999	2.171E+01
2000.065834	2.170E+01
2009.942668	2.174E+01
2020.098566	2.182E+01
2029.969298	2.191E+01
2039.837	2.199E+01
2049.98346	2.209E+01
2059.844971	2.222E+01
2069.985031	2.240E+01
2079.840289	2.263E+01
2089.973887	2.287E+01
2099.822832	2.312E+01
2109.949906	2.336E+01
2119.792477	2.362E+01
2129.912964	2.389E+01
2140.030088	2.415E+01
2149.862941	2.439E+01
2159.973384	2.461E+01
2169.799712	2.482E+01
2179.903413	2.502E+01
2190.003671	2.523E+01
2199.820052	2.542E+01
2209.913475	2.561E+01
2219.723179	2.578E+01
2229.809704	2.597E+01
2239.892708	2.617E+01
2249.692237	2.639E+01
2259.76825	2.662E+01
2269.840694	2.687E+01
2279.909553	2.713E+01
2289.695271	2.740E+01
2299.757015	2.768E+01
2309.815127	2.797E+01
2319.869592	2.827E+01
2329.641254	2.855E+01
2339.688478	2.882E+01
2349.732008	2.906E+01
2359.771828	2.928E+01
2369.80792	2.949E+01
2379.840271	2.968E+01
2389.590342	2.984E+01
2399.615266	2.998E+01
2409.6364	3.010E+01
2419.65373	3.021E+01
2429.667238	3.032E+01
2439.676909	3.043E+01
2449.682728	3.055E+01
2459.684679	3.067E+01
2469.682745	3.080E+01
2479.676911	3.094E+01
2489.667162	3.107E+01
2499.653481	3.119E+01
2509.635853	3.130E+01
2519.614261	3.142E+01
2529.588691	3.153E+01
2539.559127	3.163E+01
2549.525552	3.172E+01
2559.487951	3.181E+01
2569.722871	3.190E+01
2579.677058	3.201E+01
2589.627171	3.214E+01
2599.573195	3.227E+01
2609.515113	3.240E+01
2619.452911	3.254E+01
2629.662448	3.267E+01
2639.591842	3.281E+01
2649.517067	3.293E+01
2659.438109	3.302E+01
2669.630358	3.304E+01
2679.542867	3.297E+01
2689.451145	3.280E+01
2699.630227	3.241E+01
2709.529877	3.167E+01
2719.425248	3.043E+01
2729.591015	2.861E+01
2739.477662	2.625E+01
2749.359982	2.349E+01
2759.512287	2.047E+01
2769.385788	1.733E+01
2779.528995	1.416E+01
2789.393611	1.112E+01
2799.527654	8.389E+00
2809.383323	6.125E+00
2819.508136	4.415E+00
2829.354792	3.233E+00
2839.47031	2.480E+00
2849.30789	2.023E+00
2859.414046	1.766E+00
2869.515434	1.637E+00
2879.339216	1.589E+00
2889.431143	1.582E+00
2899.24569	1.602E+00
2909.328092	1.640E+00
2919.40564	1.690E+00
2929.206149	1.752E+00
2939.274073	1.821E+00
2949.337095	1.899E+00
2959.395197	1.987E+00
2969.17672	2.082E+00
2979.225066	2.184E+00
2989.268442	2.290E+00
2999.306833	2.401E+00
3009.34022	2.526E+00
3019.368587	2.666E+00
3029.391918	2.825E+00
3039.139497	2.995E+00
3049.152842	3.173E+00
3059.1611	3.347E+00
3069.164256	3.520E+00
3079.162292	3.697E+00
3089.155191	3.887E+00
3099.142938	4.073E+00
3109.125515	4.248E+00
3119.102905	4.420E+00
3129.075093	4.606E+00
3139.311366	4.818E+00
3149.272956	5.053E+00
3159.229293	5.310E+00
3169.18036	5.577E+00
3179.126141	5.840E+00
3189.066618	6.102E+00
3199.27022	6.373E+00
3209.199897	6.650E+00
3219.124221	6.917E+00
3229.043176	7.161E+00
3239.224603	7.386E+00
3249.132622	7.596E+00
3259.035221	7.801E+00
3269.199799	8.003E+00
3279.091361	8.201E+00
3288.977454	8.374E+00
3299.125027	8.519E+00
3308.999981	8.622E+00
3319.136081	8.689E+00
3328.999829	8.708E+00
3339.124385	8.678E+00
3348.976861	8.595E+00
3359.089804	8.456E+00
3368.930939	8.270E+00
3379.0322	8.032E+00
3389.127517	8.032E+00
3398.951437	7.882E+00
3409.034967	7.713E+00
3419.112499	7.527E+00
3428.919052	7.325E+00
3438.984693	7.112E+00
3449.044284	6.889E+00
3458.833318	6.657E+00
3468.880914	6.421E+00
3478.922407	6.181E+00
3488.957779	5.941E+00
3498.987012	5.703E+00
3509.010089	5.468E+00
3519.026992	5.240E+00
3529.037703	5.019E+00
3538.779008	4.806E+00
3548.777448	4.602E+00
3558.769643	4.408E+00
3568.755577	4.224E+00
3578.997769	4.051E+00
3588.970961	3.888E+00
3598.937838	3.737E+00
3608.898383	3.596E+00
3618.852578	3.466E+00
3628.800407	3.345E+00
3638.74185	3.234E+00
3648.938253	3.131E+00
3658.866705	3.035E+00
3668.788719	2.945E+00
3678.704279	2.862E+00
3688.874043	2.784E+00
3698.776469	2.711E+00
3708.672387	2.642E+00
3718.821938	2.578E+00
3728.704616	2.517E+00
3738.840542	2.459E+00
3748.709907	2.405E+00
3758.832135	2.353E+00
3768.688117	2.304E+00
3778.796573	2.258E+00
3788.639101	2.214E+00
3798.733711	2.172E+00
3808.821282	2.131E+00
3818.643407	2.093E+00
3828.717023	2.057E+00
3838.783543	2.022E+00
3848.585104	1.988E+00
3858.637559	1.956E+00
3868.682864	1.925E+00
3878.720999	1.895E+00
3888.751945	1.867E+00
3898.518755	1.839E+00
3908.535455	1.813E+00
3918.54491	1.787E+00
3928.547104	1.763E+00
3938.542016	1.739E+00
3948.52963	1.716E+00
3958.509925	1.694E+00
3968.482884	1.672E+00
3978.70392	1.652E+00
3988.661962	1.632E+00
3998.612612	1.612E+00
4008.555852	1.593E+00
4018.491662	1.575E+00
4028.6745	1.557E+00
4038.595205	1.540E+00
4048.508426	1.523E+00
4058.414143	1.507E+00
4068.56604	1.491E+00
4078.456503	1.476E+00
4088.592715	1.461E+00
4098.467848	1.447E+00
4108.588299	1.433E+00
4118.448027	1.419E+00
4128.552639	1.406E+00
4138.396887	1.393E+00
4148.485584	1.380E+00
4158.566193	1.368E+00
4168.386981	1.356E+00
4178.45156	1.344E+00
4188.507992	1.332E+00
4198.305151	1.321E+00
4208.345437	1.310E+00
4218.377519	1.300E+00
4228.401377	1.289E+00
4238.416991	1.279E+00
4248.424343	1.269E+00
4258.423411	1.259E+00
4268.414178	1.250E+00
4278.396623	1.240E+00
4288.370728	1.231E+00
4298.336471	1.222E+00
4308.293836	1.213E+00
4318.2428	1.204E+00
4328.431752	1.196E+00
4338.363649	1.187E+00
4348.287088	1.179E+00
4358.20205	1.171E+00
4368.356068	1.163E+00
4378.253805	1.156E+00
4388.390126	1.148E+00
4398.270558	1.140E+00
4408.389101	1.133E+00
4418.252149	1.126E+00
4428.352834	1.119E+00
4438.198419	1.112E+00
4448.281165	1.105E+00
4458.354799	1.099E+00
4468.173935	1.092E+00
4478.229508	1.086E+00
4488.275909	1.079E+00
4498.313117	1.073E+00
4508.096635	1.067E+00
4518.115621	1.061E+00
4528.125352	1.055E+00
4538.125809	1.050E+00
4548.11697	1.044E+00
4558.098816	1.039E+00
4568.071325	1.033E+00
4578.277365	1.028E+00
4588.230912	1.023E+00
4598.175061	1.017E+00
4608.109792	1.012E+00
4618.035085	1.007E+00
4628.192649	1.002E+00
4638.098772	9.977E-01
4647.995395	9.929E-01
4658.123528	9.883E-01
4668.000857	9.837E-01
4678.109183	9.792E-01
4687.967136	9.748E-01
4698.05557	9.704E-01
4708.133906	9.661E-01
4717.962521	9.619E-01
4728.020838	9.577E-01
4738.068993	9.536E-01
4748.106964	9.496E-01
4758.13473	9.456E-01
4767.913874	9.417E-01
4777.921408	9.378E-01
4787.918673	9.340E-01
4797.905646	9.303E-01
4807.882307	9.266E-01
4818.085802	9.229E-01
4828.041526	9.194E-01
4837.986874	9.158E-01
4847.921823	9.123E-01
4857.846351	9.088E-01
4867.996361	9.054E-01
4877.899737	9.021E-01
4888.028045	8.988E-01
4897.910179	8.955E-01
4908.016697	8.923E-01
4917.877504	8.891E-01
4927.962141	8.859E-01
4937.801534	8.828E-01
4947.864203	8.798E-01
4957.915724	8.768E-01
4967.956075	8.738E-01
4977.985234	8.709E-01
4987.77033	8.680E-01
4997.777298	8.652E-01
5007.776688	8.623E-01
5017.595804	8.596E-01
5028.169082	8.568E-01
5037.98605	8.541E-01
5047.80198	8.515E-01
5057.616872	8.488E-01
5068.18559	8.462E-01
5077.998316	8.437E-01
5087.809996	8.411E-01
5097.620628	8.386E-01
5107.430211	8.362E-01
5117.993201	8.337E-01
5127.800597	8.313E-01
5137.606938	8.289E-01
5147.41222	8.266E-01
5157.970569	8.242E-01
5167.773648	8.219E-01
5177.575662	8.197E-01
5187.376611	8.174E-01
5197.930283	8.152E-01
5207.729011	8.130E-01
5217.526666	8.108E-01
5227.323247	8.087E-01
5237.872207	8.066E-01
5247.666549	8.045E-01
5257.459812	8.024E-01
5268.005191	8.004E-01
5277.796202	7.984E-01
5287.586127	7.964E-01
5297.374963	7.944E-01
5307.915566	7.925E-01
5317.702134	7.905E-01
5327.487607	7.886E-01
5337.271982	7.868E-01
5347.807773	7.849E-01
5357.589864	7.831E-01
5367.370852	7.813E-01
5377.902987	7.795E-01
5387.681677	7.777E-01
5397.459258	7.760E-01
5407.235727	7.743E-01
5417.762987	7.725E-01
5427.537141	7.709E-01
5437.310177	7.692E-01
5447.833734	7.676E-01
5457.604442	7.659E-01
5467.374028	7.643E-01
5477.142487	7.627E-01
5487.661104	7.612E-01
5497.427219	7.596E-01
5507.192201	7.581E-01
5517.707068	7.566E-01
5527.469693	7.551E-01
5537.231179	7.536E-01
5547.742274	7.522E-01
5557.50139	7.507E-01
5567.259362	7.493E-01
5577.766665	7.479E-01
5587.522253	7.465E-01
5597.276691	7.451E-01
5607.780182	7.437E-01
5617.532223	7.424E-01
5627.283108	7.410E-01
5637.032835	7.397E-01
5647.531242	7.384E-01
5657.278555	7.371E-01
5667.024703	7.357E-01
5677.51925	7.344E-01
5687.262972	7.332E-01
5697.005523	7.319E-01
5707.496189	7.306E-01
5717.236302	7.294E-01
5726.975237	7.281E-01
5737.462002	7.269E-01
5747.198485	7.257E-01
5757.682605	7.245E-01
5767.416629	7.233E-01
5777.149464	7.222E-01
5787.629649	7.210E-01
5797.360012	7.199E-01
5807.08918	7.187E-01
5817.565409	7.176E-01
5827.292092	7.165E-01
5837.017575	7.154E-01
5847.489828	7.143E-01
5857.212813	7.132E-01
5866.934591	7.121E-01
5877.402847	7.110E-01
5887.122114	7.099E-01
5897.587661	7.089E-01
5907.304408	7.078E-01
5917.019938	7.068E-01
5927.481454	7.057E-01
5937.194452	7.047E-01
5946.906226	7.037E-01
5957.363691	7.026E-01
5967.072921	7.016E-01
5977.52764	7.006E-01
5987.234315	6.996E-01
5996.939757	6.985E-01
6007.39039	6.975E-01
6017.093265	6.965E-01
6026.794901	6.955E-01
6037.241429	6.945E-01
6046.940485	6.935E-01
6057.38423	6.925E-01
6067.080698	6.915E-01
6076.775917	6.905E-01
6087.215522	6.896E-01
6096.908139	6.886E-01
6107.344938	6.876E-01
6117.034946	6.867E-01
6126.723694	6.857E-01
6137.156319	6.848E-01
6146.842444	6.838E-01
6157.272241	6.829E-01
6166.955735	6.820E-01
6177.382693	6.811E-01
6187.063548	6.802E-01
6196.743128	6.793E-01
6207.165865	6.784E-01
6216.842793	6.775E-01
6227.262668	6.766E-01
6236.936935	6.757E-01
6246.609918	6.749E-01
6257.025537	6.740E-01
6266.695846	6.732E-01
6277.108582	6.723E-01
6286.776208	6.715E-01
6297.18605	6.706E-01
6306.850986	6.698E-01
6317.257926	6.690E-01
6326.920162	6.682E-01
6336.581095	6.674E-01
6346.983717	6.666E-01
6356.641938	6.658E-01
6367.041635	6.651E-01
6376.697135	6.643E-01
6387.093897	6.636E-01
6396.746668	6.628E-01
6407.140486	6.621E-01
6416.790518	6.613E-01
6427.181383	6.606E-01
6436.828669	6.599E-01
6446.47463	6.591E-01
6456.861103	6.584E-01
6466.504304	6.577E-01
6476.8878	6.570E-01
6486.528234	6.563E-01
6496.908745	6.555E-01
6506.546402	6.548E-01
6516.923919	6.541E-01
6526.558791	6.534E-01
6536.933304	6.527E-01
6546.565382	6.520E-01
6556.936882	6.512E-01
6566.566159	6.505E-01
6576.934637	6.498E-01
6586.561102	6.491E-01
6596.926549	6.484E-01
6606.550195	6.476E-01
6616.912601	6.469E-01
6626.53342	6.462E-01
6636.892776	6.455E-01
6646.510758	6.448E-01
6656.867055	6.441E-01
6666.482193	6.434E-01
6676.835422	6.426E-01
6686.447706	6.419E-01
6696.797857	6.412E-01
6706.40728	6.404E-01
6716.754344	6.396E-01
6726.360896	6.388E-01
6736.704865	6.380E-01
6746.308538	6.372E-01
6756.649402	6.365E-01
6766.250188	6.357E-01
6776.587937	6.349E-01
6786.924068	6.341E-01
6796.520453	6.333E-01
6806.853456	6.325E-01
6816.446931	6.317E-01
6826.776797	6.309E-01
6836.367355	6.301E-01
6846.694074	6.294E-01
6856.281707	6.286E-01
6866.60527	6.278E-01
6876.189968	6.270E-01
6886.510366	6.262E-01
6896.82912	6.254E-01
6906.409345	6.246E-01
6916.724921	6.238E-01
6926.30219	6.231E-01
6936.614577	6.223E-01
6946.188882	6.215E-01
6956.498072	6.207E-01
6966.805601	6.200E-01
6976.375388	6.192E-01
6986.679706	6.185E-01
6996.246507	6.177E-01
7006.547605	6.170E-01
7016.111412	6.162E-01
7026.40928	6.155E-01
7036.70547	6.147E-01
7046.264714	6.140E-01
7056.557661	6.133E-01
7066.113889	6.126E-01
7076.403584	6.118E-01
7086.691589	6.111E-01
7096.243221	6.104E-01
7106.527959	6.097E-01
7116.076554	6.090E-01
7126.358018	6.083E-01
7136.637779	6.076E-01
7146.181746	6.070E-01
7156.458218	6.063E-01
7165.999126	6.056E-01
7176.2723	6.049E-01
7186.54376	6.043E-01
7196.080008	6.036E-01
7206.348156	6.029E-01
7216.614582	6.022E-01
7226.14615	6.016E-01
7236.409251	6.009E-01
7245.937725	6.002E-01
7256.197491	5.995E-01
7266.455524	5.988E-01
7275.979286	5.981E-01
7286.23397	5.974E-01
7296.486914	5.967E-01
7306.005944	5.960E-01
7316.255525	5.953E-01
7326.503358	5.946E-01
7336.017637	5.939E-01
7346.262094	5.932E-01
7356.504797	5.924E-01
7366.014304	5.917E-01
7376.253616	5.910E-01
7386.491167	5.903E-01
7395.995884	5.895E-01
7406.23003	5.888E-01
7416.462408	5.881E-01
7425.962315	5.874E-01
7436.191274	5.867E-01
7446.418458	5.860E-01
7455.913536	5.853E-01
7466.137287	5.846E-01
7476.359256	5.839E-01
7485.849485	5.832E-01
7496.068008	5.825E-01
7506.284741	5.818E-01
7515.770101	5.810E-01
7525.983375	5.803E-01
7536.19485	5.796E-01
7545.675324	5.789E-01
7555.883326	5.782E-01
7566.089524	5.774E-01
7576.293916	5.767E-01
7585.767802	5.760E-01
7595.968701	5.753E-01
7606.167786	5.746E-01
7615.636739	5.739E-01
7625.832319	5.733E-01
7636.026078	5.726E-01
7646.218013	5.719E-01
7655.680318	5.712E-01
7665.868729	5.705E-01
7676.05531	5.698E-01
7686.240057	5.691E-01
7695.695679	5.684E-01
7705.876884	5.677E-01
7716.056248	5.670E-01
7726.23377	5.663E-01
7735.682674	5.656E-01
7745.856636	5.649E-01
7756.028747	5.642E-01
7766.199006	5.636E-01
7775.641157	5.629E-01
7785.807837	5.622E-01
7795.972657	5.615E-01
7806.135616	5.608E-01
7815.57098	5.601E-01
7825.730341	5.594E-01
7835.887833	5.588E-01
7846.043454	5.581E-01
7855.471995	5.574E-01
7865.624	5.567E-01
7875.774127	5.560E-01
7885.922372	5.554E-01
7896.068734	5.547E-01
7905.488668	5.540E-01
7915.631391	5.533E-01
7925.772224	5.526E-01
7935.911164	5.519E-01
7946.048209	5.512E-01
7955.45948	5.505E-01
7965.592863	5.498E-01
7975.724343	5.491E-01
7985.853919	5.484E-01
7995.981587	5.477E-01
8005.384141	5.471E-01
8015.508125	5.464E-01
8025.630194	5.457E-01
8035.750346	5.450E-01
8045.86858	5.443E-01
8055.984892	5.436E-01
8065.376887	5.429E-01
8075.489487	5.422E-01
8085.600158	5.414E-01
8095.708897	5.407E-01
8105.815704	5.399E-01
8115.920574	5.390E-01
8125.301933	5.382E-01
8135.403063	5.374E-01
8145.502251	5.366E-01
8155.599493	5.357E-01
8165.694787	5.349E-01
8175.788131	5.341E-01
8185.879523	5.334E-01
8195.248351	5.326E-01
8205.33597	5.318E-01
8215.42163	5.310E-01
8225.505327	5.303E-01
8235.587061	5.295E-01
8245.666827	5.288E-01
8255.744624	5.281E-01
8265.82045	5.274E-01
8275.174806	5.268E-01
8285.246822	5.262E-01
8295.31686	5.255E-01
8305.384917	5.250E-01
8315.45099	5.244E-01
8325.515077	5.238E-01
8335.577176	5.233E-01
8345.637284	5.227E-01
8355.695399	5.222E-01
8365.751519	5.217E-01
8375.087555	5.211E-01
8385.139819	5.206E-01
8395.190081	5.201E-01
8405.238338	5.196E-01
8415.284587	5.191E-01
8425.328827	5.186E-01
8435.371055	5.181E-01
8445.411268	5.176E-01
8455.449464	5.171E-01
8465.485641	5.167E-01
8475.519796	5.162E-01
8485.551927	5.157E-01
8495.582031	5.153E-01
8505.610107	5.149E-01
8515.636151	5.144E-01
8525.660162	5.140E-01
8535.682136	5.136E-01
8544.98643	5.132E-01
8555.004471	5.127E-01
8565.020468	5.123E-01
8575.034421	5.119E-01
8585.046325	5.115E-01
8595.056179	5.110E-01
8605.063981	5.106E-01
8615.069727	5.102E-01
8625.073416	5.098E-01
8635.075045	5.093E-01
8645.074612	5.089E-01
8655.072114	5.085E-01
8665.067549	5.081E-01
8675.060915	5.077E-01
8685.052209	5.073E-01
8695.041429	5.069E-01
8705.028573	5.065E-01
8715.013637	5.061E-01
8724.99662	5.057E-01
8734.977519	5.054E-01
8744.956333	5.050E-01
8754.933058	5.046E-01
8764.907692	5.043E-01
8774.880232	5.039E-01
8784.850677	5.035E-01
8794.819025	5.032E-01
8804.785271	5.028E-01
8815.461059	5.025E-01
8825.422948	5.021E-01
8835.382728	5.018E-01
8845.340399	5.014E-01
8855.295957	5.011E-01
8865.249401	5.007E-01
8875.200727	5.004E-01
8885.149933	5.001E-01
8895.097018	4.997E-01
8905.041978	4.994E-01
8914.984812	4.990E-01
8924.925517	4.987E-01
8934.86409	4.984E-01
8944.800529	4.980E-01
8954.734832	4.977E-01
8965.376355	4.973E-01
8975.306225	4.970E-01
8985.233952	4.967E-01
8995.159534	4.963E-01
9005.082967	4.960E-01
9015.004249	4.957E-01
9024.923378	4.953E-01
9034.840353	4.950E-01
9044.755169	4.947E-01
9054.667825	4.943E-01
9065.286129	4.940E-01
9075.194303	4.937E-01
9085.10031	4.933E-01
9095.004147	4.930E-01
9104.905813	4.926E-01
9114.805303	4.923E-01
9124.702617	4.920E-01
9134.597752	4.916E-01
9145.197262	4.913E-01
9155.087875	4.909E-01
9164.976302	4.906E-01
9174.86254	4.903E-01
9184.746587	4.899E-01
9194.628441	4.896E-01
9204.508098	4.893E-01
9215.091006	4.890E-01
9224.966108	4.886E-01
9234.839006	4.883E-01
9244.709699	4.880E-01
9254.578185	4.877E-01
9265.149109	4.873E-01
9275.013013	4.870E-01
9284.874702	4.867E-01
9294.734174	4.864E-01
9304.591426	4.861E-01
9314.446456	4.857E-01
9325.002949	4.854E-01
9334.853368	4.851E-01
9344.701558	4.848E-01
9354.547517	4.845E-01
9364.391241	4.841E-01
9374.935607	4.838E-01
9384.774696	4.835E-01
9394.611544	4.832E-01
9404.446148	4.829E-01
9414.980732	4.826E-01
9424.810682	4.823E-01
9434.63838	4.820E-01
9444.463825	4.817E-01
9454.988585	4.814E-01
9464.809356	4.810E-01
9474.627866	4.807E-01
9484.444114	4.805E-01
9494.959008	4.802E-01
9504.770561	4.799E-01
9514.579844	4.796E-01
9524.386855	4.793E-01
9534.891842	4.790E-01
9544.694139	4.787E-01
9554.494156	4.784E-01
9564.291891	4.781E-01
9574.786929	4.778E-01
9584.57993	4.775E-01
9594.370643	4.773E-01
9604.858149	4.770E-01
9614.644112	4.767E-01
9624.427779	4.764E-01
9634.209147	4.761E-01
9644.686632	4.758E-01
9654.463232	4.756E-01
9664.237526	4.753E-01
9674.707423	4.750E-01
9684.476934	4.747E-01
9694.244132	4.745E-01
9704.706417	4.742E-01
9714.468817	4.739E-01
9724.228897	4.736E-01
9734.683548	4.734E-01
9744.438814	4.731E-01
9754.191753	4.728E-01
9764.638746	4.726E-01
9774.386857	4.723E-01
9784.132634	4.720E-01
9794.571945	4.718E-01
9804.312879	4.715E-01
9814.746996	4.712E-01
9824.483078	4.710E-01
9834.216813	4.707E-01
9844.643209	4.705E-01
9854.372076	4.702E-01
9864.09859	4.700E-01
9874.517241	4.697E-01
9884.238873	4.695E-01
9894.652288	4.692E-01
9904.369027	4.690E-01
9914.083402	4.687E-01
9924.489032	4.685E-01
9934.198499	4.682E-01
9944.598867	4.680E-01
9954.303417	4.677E-01
9964.00559	4.675E-01
9974.398135	4.672E-01
9984.095376	4.670E-01
9994.482631	4.667E-01
10004.17493	4.665E-01
10014.55689	4.662E-01
10024.24423	4.660E-01
10033.92919	4.658E-01
10044.30326	4.655E-01
10053.98325	4.653E-01
10064.352	4.651E-01
10074.02701	4.648E-01
10084.39043	4.646E-01
10094.06045	4.644E-01
10104.41852	4.641E-01
10114.08355	4.639E-01
10124.43625	4.637E-01
10134.09628	4.634E-01
10144.44362	4.632E-01
10154.09862	4.630E-01
10164.44058	4.628E-01
10174.09056	4.625E-01
10184.42713	4.623E-01
10194.07208	4.621E-01
10204.40325	4.618E-01
10214.04315	4.616E-01
10224.36891	4.614E-01
10234.00375	4.612E-01
10244.32409	4.609E-01
10253.95386	4.607E-01
10264.26877	4.605E-01
10273.89347	4.603E-01
10284.20293	4.601E-01
10293.82255	4.598E-01
10304.12656	4.596E-01
10313.74108	4.594E-01
10324.03963	4.592E-01
10334.33534	4.590E-01
10343.94211	4.587E-01
10354.23234	4.585E-01
10363.834	4.583E-01
10374.11874	4.581E-01
10383.71527	4.579E-01
10393.99451	4.577E-01
10404.2709	4.575E-01
10413.85962	4.572E-01
10424.1305	4.570E-01
10433.71407	4.568E-01
10443.97941	4.566E-01
10454.2419	4.564E-01
10463.81763	4.562E-01
10474.07457	4.560E-01
10483.64512	4.558E-01
10493.8965	4.556E-01
10504.14501	4.554E-01
10513.70769	4.552E-01
10523.95063	4.550E-01
10534.19068	4.548E-01
10543.74545	4.546E-01
10553.97992	4.544E-01
10564.21149	4.542E-01
10573.75835	4.540E-01
10583.98432	4.538E-01
10593.52594	4.536E-01
10603.7463	4.534E-01
10613.96375	4.532E-01
10624.17829	4.530E-01
10633.70924	4.529E-01
10643.91815	4.527E-01
10654.12414	4.525E-01
10663.64709	4.523E-01
10673.84743	4.521E-01
10684.04485	4.519E-01
10693.55979	4.518E-01
10703.75154	4.516E-01
10713.94035	4.514E-01
10723.44726	4.512E-01
10733.6304	4.511E-01
10743.81059	4.509E-01
10753.98783	4.507E-01
10763.48393	4.506E-01
10773.65548	4.504E-01
10783.82407	4.502E-01
10793.9897	4.501E-01
10803.47495	4.499E-01
10813.63486	4.497E-01
10823.7918	4.496E-01
10833.94578	4.494E-01
10843.42014	4.493E-01
10853.56838	4.491E-01
10863.71363	4.489E-01
10873.85591	4.488E-01
10883.31935	4.486E-01
10893.45586	4.485E-01
10903.58938	4.483E-01
10913.71992	4.481E-01
10923.84746	4.480E-01
10933.29714	4.478E-01
10943.41889	4.477E-01
10953.53764	4.475E-01
10963.65339	4.474E-01
10973.76613	4.472E-01
10983.87586	4.471E-01
10993.3089	4.469E-01
11003.41281	4.467E-01
11013.5137	4.466E-01
11023.61157	4.464E-01
11033.70642	4.463E-01
11043.79825	4.461E-01
11053.21456	4.460E-01
11063.30053	4.458E-01
11073.38346	4.457E-01
11083.46337	4.455E-01
11093.54023	4.454E-01
11103.61405	4.452E-01
11113.68483	4.451E-01
11123.75256	4.449E-01
11133.14635	4.448E-01
11143.20819	4.446E-01
11153.26696	4.445E-01
11163.32268	4.443E-01
11173.37534	4.442E-01
11183.42494	4.440E-01
11193.47147	4.439E-01
11203.51493	4.437E-01
11213.55532	4.436E-01
11223.59263	4.435E-01
11233.62687	4.433E-01
11243.65803	4.432E-01
11253.6861	4.430E-01
11263.71109	4.429E-01
11273.06496	4.428E-01
11283.08398	4.426E-01
11293.09991	4.425E-01
11303.11274	4.423E-01
11313.12247	4.422E-01
11323.12909	4.421E-01
11333.13262	4.419E-01
11343.13303	4.418E-01
11353.13034	4.417E-01
11363.12453	4.415E-01
11373.11561	4.414E-01
11383.10358	4.413E-01
11393.08842	4.411E-01
11403.07013	4.410E-01
11413.04872	4.409E-01
11423.02418	4.407E-01
11432.99651	4.406E-01
11442.96571	4.405E-01
11452.93177	4.403E-01
11463.55877	4.402E-01
11473.51834	4.401E-01
11483.47476	4.400E-01
11493.42803	4.398E-01
11503.37815	4.397E-01
11513.32512	4.396E-01
11523.26893	4.394E-01
11533.20958	4.393E-01
11543.14707	4.392E-01
11553.0814	4.391E-01
11563.01256	4.389E-01
11572.94055	4.388E-01
11582.86536	4.387E-01
11593.44833	4.386E-01
11603.36658	4.384E-01
11613.28165	4.383E-01
11623.19353	4.382E-01
11633.10223	4.381E-01
11643.00774	4.380E-01
11652.91006	4.378E-01
11662.80918	4.377E-01
11673.36472	4.376E-01
11683.25723	4.375E-01
11693.14654	4.374E-01
11703.03264	4.373E-01
11712.91554	4.372E-01
11722.79522	4.370E-01
11733.33001	4.369E-01
11743.20304	4.368E-01
11753.07286	4.367E-01
11762.93946	4.366E-01
11772.80283	4.365E-01
11783.3202	4.364E-01
11793.1769	4.362E-01
11803.03036	4.361E-01
11812.88059	4.360E-01
11822.72758	4.359E-01
11833.22747	4.358E-01
11843.06776	4.357E-01
11852.9048	4.356E-01
11862.73859	4.354E-01
11873.22439	4.353E-01
11883.05145	4.352E-01
11892.87526	4.351E-01
11902.69581	4.350E-01
11913.16747	4.349E-01
11922.98127	4.348E-01
11932.79181	4.347E-01
11942.59907	4.346E-01
11953.05654	4.345E-01
11962.85704	4.344E-01
11972.65425	4.343E-01
11983.10099	4.342E-01
11992.89142	4.341E-01
12002.67856	4.340E-01
12013.11455	4.338E-01
12022.89488	4.337E-01
12032.67192	4.336E-01
12043.09713	4.335E-01
12052.86735	4.334E-01
12062.63426	4.333E-01
12073.04866	4.332E-01
12082.80874	4.331E-01
12092.5655	4.330E-01
12102.96906	4.329E-01
12112.71897	4.328E-01
12122.46556	4.327E-01
12132.85826	4.326E-01
12142.59798	4.325E-01
12152.98334	4.324E-01
12162.71618	4.323E-01
12172.44568	4.323E-01
12182.82013	4.322E-01
12192.54273	4.321E-01
12202.90982	4.320E-01
12212.62551	4.319E-01
12222.98523	4.318E-01
12232.69399	4.317E-01
12242.39941	4.316E-01
12252.74815	4.315E-01
12262.44662	4.314E-01
12272.78796	4.313E-01
12282.47948	4.312E-01
12292.81339	4.311E-01
12302.49796	4.311E-01
12312.82444	4.310E-01
12322.50203	4.309E-01
12332.82106	4.308E-01
12342.49167	4.307E-01
12352.80325	4.306E-01
12362.46686	4.305E-01
12372.77097	4.305E-01
12382.42757	4.304E-01
12392.7242	4.303E-01
12402.37378	4.302E-01
12412.66292	4.301E-01
12422.30547	4.301E-01
12432.58711	4.300E-01
12442.22262	4.299E-01
12452.49673	4.298E-01
12462.76697	4.298E-01
12472.39178	4.297E-01
12482.65448	4.296E-01
12492.27222	4.295E-01
12502.52738	4.295E-01
12512.77863	4.294E-01
12522.38563	4.293E-01
12532.62932	4.292E-01
12542.22922	4.292E-01
12552.46533	4.291E-01
12562.69753	4.290E-01
12572.28665	4.290E-01
12582.51125	4.289E-01
12592.73192	4.288E-01
12602.31024	4.288E-01
12612.5233	4.287E-01
12622.09447	4.286E-01
12632.29991	4.285E-01
12642.5014	4.285E-01
12652.69895	4.284E-01
12662.25557	4.283E-01
12672.44547	4.283E-01
12682.63142	4.282E-01
12692.17715	4.281E-01
12702.35544	4.281E-01
12712.52975	4.280E-01
12722.06458	4.279E-01
12732.23121	4.279E-01
12742.39387	4.278E-01
12752.55256	4.277E-01
12762.07271	4.277E-01
12772.22369	4.276E-01
12782.37068	4.275E-01
12792.51369	4.275E-01
12802.01913	4.274E-01
12812.1544	4.273E-01
12822.28568	4.273E-01
12832.41295	4.272E-01
12842.53622	4.272E-01
12852.02315	4.271E-01
12862.13866	4.270E-01
12872.25016	4.270E-01
12882.35764	4.269E-01
12892.4611	4.269E-01
12901.92944	4.268E-01
12912.02511	4.267E-01
12922.11675	4.267E-01
12932.20436	4.266E-01
12942.28794	4.266E-01
12952.36747	4.265E-01
12962.44297	4.265E-01
12971.88508	4.264E-01
12981.95274	4.263E-01
12992.01635	4.263E-01
13002.07591	4.262E-01
13012.13141	4.262E-01
13022.18286	4.261E-01
13032.23024	4.261E-01
13042.27356	4.260E-01
13052.31281	4.260E-01
13062.34799	4.259E-01
13072.37909	4.259E-01
13081.77955	4.258E-01
13091.80275	4.258E-01
13101.82186	4.257E-01
13111.83689	4.257E-01
13121.84783	4.256E-01
13131.85468	4.256E-01
13141.85743	4.255E-01
13151.85608	4.255E-01
13161.85063	4.254E-01
13171.84107	4.254E-01
13181.8274	4.253E-01
13191.80963	4.253E-01
13201.78774	4.252E-01
13211.76172	4.252E-01
13221.73159	4.251E-01
13231.69734	4.251E-01
13241.65895	4.250E-01
13252.23865	4.250E-01
13262.19174	4.249E-01
13272.1407	4.249E-01
13282.08552	4.249E-01
13292.02619	4.248E-01
13301.96272	4.248E-01
13311.8951	4.247E-01
13321.82333	4.247E-01
13331.7474	4.246E-01
13341.66731	4.246E-01
13351.58306	4.245E-01
13362.11398	4.245E-01
13372.02114	4.245E-01
13381.92413	4.244E-01
13391.82294	4.244E-01
13401.71758	4.243E-01
13411.60803	4.243E-01
13422.11206	4.243E-01
13431.99388	4.242E-01
13441.87151	4.242E-01
13451.74495	4.241E-01
13461.6142	4.241E-01
13472.09567	4.241E-01
13481.95625	4.240E-01
13491.81263	4.240E-01
13501.66479	4.240E-01
13511.51275	4.239E-01
13521.97158	4.239E-01
13531.81084	4.238E-01
13541.64588	4.238E-01
13551.47669	4.238E-01
13561.9173	4.237E-01
13571.7394	4.237E-01
13581.55725	4.237E-01
13591.98409	4.236E-01
13601.79321	4.236E-01
13611.59808	4.236E-01
13621.39871	4.235E-01
13631.80722	4.235E-01
13641.59909	4.235E-01
13651.38669	4.234E-01
13661.78136	4.234E-01
13671.56018	4.234E-01
13681.94551	4.233E-01
13691.71553	4.233E-01
13701.48128	4.233E-01
13711.85271	4.232E-01
13721.60964	4.232E-01
13731.3623	4.232E-01
13741.7198	4.232E-01
13751.46361	4.231E-01
13761.81172	4.231E-01
13771.54668	4.231E-01
13781.88538	4.230E-01
13791.61148	4.230E-01
13801.33328	4.230E-01
13811.65798	4.230E-01
13821.37089	4.230E-01
13831.68615	4.229E-01
13841.39017	4.229E-01
13851.69596	4.229E-01
13861.39108	4.229E-01
13871.6874	4.228E-01
13881.37359	4.228E-01
13891.66043	4.228E-01
13901.33769	4.228E-01
13911.61502	4.228E-01
13921.28334	4.228E-01
13931.55116	4.227E-01
13941.21051	4.227E-01
13951.46881	4.227E-01
13961.72219	4.227E-01
13971.36795	4.227E-01
13981.61179	4.227E-01
13991.24855	4.227E-01
14001.48283	4.227E-01
14011.71217	4.227E-01
14021.33529	4.227E-01
14031.55505	4.226E-01
14041.16914	4.226E-01
14051.37931	4.226E-01
14061.58453	4.226E-01
14071.18493	4.226E-01
14081.38053	4.226E-01
14091.57118	4.226E-01
14101.15785	4.226E-01
14111.33886	4.226E-01
14121.51491	4.226E-01
14131.08782	4.226E-01
14141.25421	4.226E-01
14151.41561	4.225E-01
14161.57204	4.225E-01
14171.12647	4.225E-01
14181.27321	4.225E-01
14191.41496	4.225E-01
14201.55171	4.225E-01
14211.08762	4.225E-01
14221.21466	4.225E-01
14231.33669	4.226E-01
14241.45371	4.226E-01
14250.97103	4.226E-01
14261.07831	4.226E-01
14271.18057	4.226E-01
14281.27781	4.226E-01
14291.37001	4.226E-01
14301.45718	4.226E-01
14310.94639	4.226E-01
14321.02379	4.226E-01
14331.09614	4.226E-01
14341.16344	4.226E-01
14351.2257	4.226E-01
14361.2829	4.227E-01
14371.33504	4.227E-01
14381.38213	4.227E-01
14391.42415	4.227E-01
14400.87083	4.227E-01
14410.90301	4.227E-01
14420.93011	4.227E-01
14430.95214	4.228E-01
14440.96908	4.228E-01
14450.98094	4.228E-01
14460.98771	4.228E-01
14470.98939	4.228E-01
14480.98597	4.229E-01
14490.97745	4.229E-01
14500.96383	4.229E-01
14510.9451	4.229E-01
14520.92127	4.230E-01
14530.89232	4.230E-01
14540.85825	4.230E-01
14550.81906	4.231E-01
14560.77475	4.231E-01
14571.31048	4.231E-01
14581.25561	4.232E-01
14591.19561	4.232E-01
14601.13046	4.232E-01
14611.06018	4.233E-01
14620.98475	4.233E-01
14630.90417	4.234E-01
14640.81844	4.234E-01
14650.72755	4.235E-01
14661.21393	4.235E-01
14671.11242	4.235E-01
14681.00574	4.236E-01
14690.89389	4.236E-01
14700.77687	4.237E-01
14710.65467	4.237E-01
14721.10787	4.238E-01
14730.975	4.239E-01
14740.83695	4.239E-01
14750.6937	4.240E-01
14761.12461	4.240E-01
14770.97066	4.241E-01
14780.81152	4.241E-01
14790.64717	4.242E-01
14801.05571	4.243E-01
14810.88064	4.243E-01
14820.70034	4.244E-01
14831.09199	4.244E-01
14840.90095	4.245E-01
14850.70469	4.246E-01
14861.07941	4.246E-01
14870.87237	4.247E-01
14880.6601	4.248E-01
14891.01786	4.248E-01
14900.7948	4.249E-01
14910.56649	4.250E-01
14920.90726	4.251E-01
14930.66813	4.251E-01
14940.99744	4.252E-01
14950.74749	4.253E-01
14960.49227	4.254E-01
14970.80453	4.254E-01
14980.53846	4.255E-01
14990.83922	4.256E-01
15000.56229	4.257E-01
15010.85154	4.258E-01
15020.56373	4.258E-01
15030.84146	4.259E-01
15040.54275	4.260E-01
15050.80894	4.261E-01
15060.49932	4.262E-01
15070.75395	4.263E-01
15080.43342	4.264E-01
15090.67647	4.265E-01
15100.91357	4.266E-01
15110.57647	4.267E-01
15120.80197	4.268E-01
15130.45391	4.269E-01
15140.6678	4.270E-01
15150.87571	4.271E-01
15160.51103	4.272E-01
15170.70731	4.274E-01
15180.33163	4.275E-01
15190.51626	4.276E-01
15200.69489	4.277E-01
15210.30253	4.278E-01
15220.4695	4.279E-01
15230.63045	4.281E-01
15240.78539	4.282E-01
15250.37064	4.283E-01
15260.51388	4.284E-01
15270.65109	4.286E-01
15280.78227	4.287E-01
15290.34507	4.288E-01
15300.46452	4.290E-01
15310.57793	4.291E-01
15320.6853	4.292E-01
15330.22559	4.293E-01
15340.32119	4.295E-01
15350.41073	4.296E-01
15360.49422	4.298E-01
15370.57164	4.299E-01
15380.64299	4.300E-01
15390.70827	4.302E-01
15400.20879	4.303E-01
15410.26225	4.304E-01
15420.30963	4.306E-01
15430.35092	4.307E-01
15440.38612	4.309E-01
15450.41522	4.310E-01
15460.43823	4.312E-01
15470.45513	4.313E-01
15480.46592	4.314E-01
15490.4706	4.316E-01
15500.46917	4.317E-01
15510.46161	4.319E-01
15520.44794	4.320E-01
15530.42813	4.322E-01
15540.4022	4.323E-01
15550.37013	4.325E-01
15560.33192	4.327E-01
15570.28757	4.328E-01
15580.23707	4.330E-01
15590.18042	4.331E-01
15600.11761	4.333E-01
15610.04865	4.335E-01
15620.52472	4.336E-01
15630.44309	4.338E-01
15640.35528	4.340E-01
15650.2613	4.341E-01
15660.16114	4.343E-01
15670.0548	4.345E-01
15680.4914	4.347E-01
15690.37234	4.348E-01
15700.24708	4.350E-01
15710.11563	4.352E-01
15719.97797	4.353E-01
15730.38149	4.355E-01
15740.23107	4.357E-01
15750.07444	4.359E-01
15759.91159	4.361E-01
15770.2885	4.362E-01
15780.11286	4.364E-01
15789.93098	4.366E-01
15800.2878	4.368E-01
15810.09311	4.369E-01
15819.89218	4.371E-01
15830.22886	4.373E-01
15840.01509	4.375E-01
15850.33821	4.377E-01
15860.11158	4.378E-01
15869.87869	4.380E-01
15880.18161	4.382E-01
15889.93584	4.384E-01
15900.22516	4.386E-01
15909.96648	4.387E-01
15920.24218	4.389E-01
15929.97059	4.391E-01
15940.23264	4.393E-01
15949.94812	4.395E-01
15960.19652	4.397E-01
15969.89905	4.399E-01
15980.13377	4.400E-01
15989.82334	4.402E-01
16000.04436	4.404E-01
